urbanization-model/data/slope_accra.asc
ncols         886
nrows         536
xllcorner     730915.48888016
yllcorner     577744.79015281
cellsize      200
NODATA_value  -9999
[rows 0 to 32 of 536, columns 444 to 517 of 886]
38.03922 15.29412 9.803922 18.43137 29.41176 21.56863 13.33333 14.90196 18.82353 24.70588 12.54902 6.666667 8.235294 12.54902 14.90196 1.568627 19.60784 58.43137 63.92157 56.47059 34.90196 10.98039 21.17647 27.84314 20.78431 8.627451 70.58823 17.64706 16.86275 24.70588 6.666667 30.58824 64.31373 100 56.07843 36.07843 8.235294 34.5098 21.17647 25.09804 66.27451 70.58823 38.03922 33.33333 59.60784 100 89.41177 47.05882 38.03922 47.84314 100 98.03922 90.98039 31.37255 40.78431 20.78431 38.03922 30.58824 49.41177 100 100 100 95.29412 34.90196 12.94118 22.7451 13.33333 44.70588 41.17647 92.94118 100 36.07843 49.01961 100
23.52941 30.19608 34.90196 11.37255 22.35294 8.627451 10.98039 9.411765 23.13725 57.2549 16.07843 20.78431 13.33333 17.2549 21.96078 23.52941 17.64706 16.47059 36.07843 40.78431 32.94118 26.27451 14.90196 3.529412 21.96078 59.60784 53.33333 34.90196 11.76471 32.54902 8.235294 36.07843 67.05882 70.58823 71.76471 33.72549 100 31.37255 17.2549 24.31373 81.56863 31.76471 23.13725 89.41177 100 100 67.05882 55.29412 81.17647 100 65.88235 8.235294 37.2549 38.03922 34.11765 21.56863 28.23529 24.70588 100 49.01961 32.94118 9.803922 23.52941 12.54902 18.43137 19.21569 21.96078 44.70588 76.07843 34.5098 91.37255 30.19608 47.05882 59.21569
9.411765 28.23529 16.07843 23.13725 11.76471 25.88235 4.705883 19.21569 11.76471 13.33333 22.35294 30.19608 8.627451 16.07843 18.03922 3.137255 18.03922 11.37255 25.88235 10.58823 20.78431 47.05882 20.78431 12.54902 42.7451 100 63.52941 11.37255 79.60784 30.58824 36.86274 57.2549 97.64706 31.76471 30.58824 51.76471 62.7451 28.62745 10.98039 21.56863 36.86274 23.13725 25.88235 100 100 21.17647 47.45098 67.84314 100 31.37255 32.94118 9.411765 63.52941 61.17647 16.47059 30.58824 44.31372 100 38.43137 52.94118 23.52941 3.529412 10.19608 18.43137 22.35294 44.31372 95.29412 100 100 100 97.64706 46.27451 57.2549 87.84314
24.70588 25.09804 15.29412 6.666667 11.76471 16.86275 6.666667 14.11765 20 14.90196 20.39216 14.90196 14.11765 13.33333 1.568627 16.07843 14.11765 9.803922 41.56863 23.13725 21.56863 15.68627 30.19608 11.37255 16.07843 18.82353 38.43137 19.21569 36.07843 14.5098 41.96078 100 25.09804 98.43137 25.09804 100 33.33333 28.23529 14.11765 38.43137 19.60784 11.37255 45.09804 100 20.39216 48.62745 50.19608 100 36.86274 37.2549 33.33333 64.70588 14.11765 67.84314 100 75.29412 57.64706 84.70588 20.78431 100 54.11765 32.94118 14.90196 16.47059 57.64706 100 52.94118 43.52941 30.19608 70.98039 50.98039 28.23529 38.43137 88.62745
24.70588 14.5098 21.96078 24.70588 9.019608 6.27451 14.90196 8.235294 8.235294 5.098039 20.39216 26.27451 4.313725 3.529412 23.13725 14.5098 9.019608 21.96078 10.58823 17.64706 17.2549 3.529412 8.627451 52.54902 79.60784 71.76471 3.529412 34.5098 42.35294 40 95.29412 6.666667 37.64706 9.803922 100 36.86274 41.17647 27.84314 36.86274 4.705883 50.58823 42.35294 97.64706 100 39.60784 44.70588 100 28.23529 40.78431 41.96078 58.82353 49.01961 100 84.31373 51.76471 100 46.66667 82.74509 9.411765 88.62745 42.7451 26.66667 72.15686 100 68.62745 3.529412 40.39216 63.13726 55.29412 35.29412 54.11765 65.09804 63.92157 50.58823
8.235294 29.41176 27.84314 36.86274 18.43137 13.33333 14.5098 18.03922 17.2549 18.82353 6.27451 19.60784 21.56863 27.05882 18.82353 8.235294 7.058824 37.64706 30.98039 19.21569 24.70588 30.98039 19.60784 49.41177 100 24.70588 49.01961 41.56863 19.21569 25.4902 86.66666 61.56863 78.82353 64.70588 100 59.60784 40.78431 36.47059 11.76471 27.84314 58.03922 84.31373 100 38.43137 48.62745 54.90196 61.56863 11.76471 36.47059 49.80392 85.4902 61.96078 58.03922 40.39216 78.82353 70.98039 36.47059 31.37255 100 100 32.94118 100 100 94.90196 64.31373 78.43137 90.19608 72.54902 65.88235 76.07843 100 98.03922 51.37255 100
9.019608 18.03922 8.235294 5.882353 10.19608 3.137255 12.54902 15.68627 12.54902 10.58823 12.94118 32.54902 13.33333 30.19608 14.90196 8.235294 14.90196 18.82353 22.7451 6.666667 20 34.11765 74.11765 54.90196 11.76471 16.86275 35.68628 33.72549 92.54902 43.52941 65.4902 84.31373 34.11765 100 18.43137 78.03922 39.60784 19.60784 14.11765 72.15686 38.43137 55.29412 100 32.94118 70.19608 76.07843 64.31373 89.41177 100 40.78431 12.54902 23.52941 100 83.13725 85.09804 72.15686 62.7451 97.25491 20.39216 11.76471 66.27451 100 100 71.37255 90.98039 42.7451 68.62745 81.56863 52.15686 48.62745 67.84314 50.19608 81.17647 100
11.76471 13.72549 14.90196 9.803922 10.19608 10.98039 1.568627 21.17647 11.76471 8.235294 11.76471 32.54902 18.82353 16.07843 14.90196 15.68627 11.37255 11.76471 4.705883 25.88235 15.68627 25.88235 59.21569 98.03922 34.90196 67.45098 44.31372 11.37255 58.82353 76.86275 25.4902 56.47059 38.03922 94.90196 48.62745 40 55.68628 48.62745 43.13726 100 29.01961 78.03922 26.66667 44.31372 100 81.56863 100 70.98039 50.98039 40.78431 32.94118 84.70588 19.21569 100 100 100 47.05882 61.96078 18.43137 5.882353 70.58823 100 44.31372 51.37255 69.41177 35.29412 75.68627 84.31373 65.88235 59.60784 100 100 100 70.58823
25.4902 22.35294 25.09804 20.39216 32.54902 30.19608 22.7451 10.98039 23.92157 39.60784 1.568627 8.235294 21.96078 22.35294 21.56863 11.76471 20.78431 9.019608 11.76471 11.37255 16.47059 16.86275 100 100 49.80392 100 40.39216 29.41176 19.21569 31.76471 43.13726 31.76471 100 13.33333 49.01961 74.11765 17.64706 27.84314 71.76471 25.4902 87.05882 100 47.05882 61.17647 6.666667 59.21569 86.66666 5.882353 96.07843 23.13725 39.60784 51.37255 79.21568 100 92.54902 61.96078 44.70588 18.43137 41.17647 85.09804 100 87.84314 32.15686 29.80392 51.37255 65.09804 100 40.39216 39.60784 55.29412 94.5098 49.41177 20.39216 30.98039
6.666667 1.568627 18.82353 16.47059 13.33333 21.96078 25.09804 16.07843 16.07843 21.17647 13.33333 30.19608 20.78431 30.98039 26.66667 3.529412 18.03922 15.68627 25.88235 25.88235 9.803922 45.09804 100 30.98039 100 36.07843 26.27451 26.27451 19.60784 30.19608 49.01961 94.11765 100 72.54902 29.41176 6.666667 68.23529 34.11765 100 21.56863 100 100 100 8.235294 20 63.52941 39.21569 63.92157 37.64706 12.54902 52.94118 67.84314 100 49.80392 54.5098 36.86274 16.47059 48.23529 100 100 88.23529 50.19608 23.52941 74.11765 70.58823 100 50.19608 41.17647 21.96078 8.627451 20.39216 85.88235 77.25491 57.2549
23.52941 40 15.29412 21.96078 14.90196 27.05882 26.27451 18.43137 7.058824 13.33333 19.21569 14.5098 18.43137 43.13726 25.4902 9.411765 14.11765 34.90196 8.627451 18.82353 38.43137 58.82353 27.45098 28.23529 59.60784 15.29412 27.84314 15.68627 13.33333 30.19608 37.2549 76.07843 26.27451 74.5098 63.52941 19.60784 5.098039 72.54902 24.31373 29.80392 100 36.86274 100 29.80392 36.07843 100 62.7451 34.5098 17.2549 27.84314 35.68628 100 56.07843 77.25491 45.4902 23.52941 34.11765 79.21568 100 100 14.11765 30.19608 100 100 62.7451 91.76471 9.803922 34.5098 1.568627 63.92157 59.60784 36.86274 51.37255 60.78431
9.411765 28.23529 49.01961 33.72549 32.54902 36.07843 8.235294 67.05882 26.66667 22.7451 19.60784 14.90196 14.5098 36.07843 40.78431 24.70588 8.627451 13.33333 10.19608 10.19608 19.60784 100 24.31373 46.66667 70.19608 38.03922 48.62745 16.86275 12.54902 84.31373 54.5098 100 25.88235 100 26.66667 35.29412 56.86274 54.5098 25.4902 56.47059 78.82353 100 57.2549 45.88235 57.64706 100 94.11765 42.35294 11.76471 96.86275 100 99.21568 100 97.64706 32.54902 10.58823 49.01961 91.76471 100 44.31372 33.72549 40.78431 86.27451 63.13726 39.21569 8.627451 43.92157 24.31373 9.019608 53.72549 65.09804 45.09804 100 100
30.98039 37.64706 0 27.45098 20.39216 24.70588 19.21569 39.60784 41.56863 17.64706 22.35294 20.39216 11.76471 17.64706 10.98039 4.313725 7.058824 7.058824 25.09804 29.80392 19.21569 91.37255 100 42.35294 65.09804 36.47059 28.62745 10.98039 42.35294 52.54902 62.7451 34.11765 81.17647 16.47059 26.66667 38.03922 11.37255 34.90196 54.90196 100 30.58824 100 55.29412 16.47059 100 31.37255 19.21569 16.86275 58.43137 100 84.31373 32.54902 68.23529 9.803922 32.54902 19.60784 89.80392 92.54902 16.86275 14.90196 16.47059 78.82353 91.37255 81.17647 45.4902 26.66667 68.23529 71.76471 80.39216 65.88235 100 65.09804 100 46.27451
10.58823 44.31372 19.21569 34.5098 34.11765 23.52941 44.70588 34.5098 36.07843 62.7451 4.313725 31.37255 23.13725 24.31373 8.235294 6.27451 1.568627 23.13725 23.52941 19.60784 25.4902 31.37255 98.43137 71.76471 60.78431 23.92157 14.5098 52.54902 20.39216 61.96078 82.35294 89.41177 36.86274 57.64706 36.07843 57.64706 14.90196 54.11765 60.78431 100 88.62745 84.31373 38.43137 67.05882 90.98039 26.66667 47.84314 28.23529 100 34.90196 38.03922 29.80392 34.90196 48.23529 34.90196 80 100 83.52941 27.05882 42.35294 98.43137 71.76471 36.47059 36.86274 79.60784 50.19608 32.94118 43.92157 46.66667 33.33333 70.98039 66.27451 45.88235 38.03922
23.52941 30.19608 31.37255 32.54902 34.5098 28.62745 43.52941 63.92157 55.29412 74.11765 38.82353 21.17647 21.96078 8.235294 7.058824 17.64706 22.7451 36.47059 9.411765 11.76471 12.54902 19.21569 49.01961 100 53.33333 28.62745 14.11765 44.31372 36.86274 93.33334 66.27451 98.43137 52.94118 42.35294 100 15.68627 18.82353 70.98039 85.09804 79.21568 76.47059 52.94118 36.07843 100 46.66667 51.37255 99.21568 100 80.39216 31.76471 34.5098 45.88235 100 71.37255 35.29412 75.29412 52.94118 36.86274 20.78431 24.70588 56.86274 70.19608 11.37255 36.47059 21.17647 5.882353 47.84314 64.31373 53.72549 74.90196 78.43137 29.80392 25.09804 44.31372
21.56863 10.19608 36.07843 28.62745 55.29412 38.03922 46.27451 27.05882 27.84314 38.43137 36.07843 48.62745 46.27451 29.80392 19.60784 3.529412 21.96078 5.882353 5.098039 8.235294 6.27451 16.86275 23.52941 15.29412 8.235294 25.09804 40.39216 38.43137 100 100 64.70588 7.058824 90.58823 29.41176 74.11765 21.56863 84.31373 44.70588 84.31373 41.17647 22.7451 28.62745 65.88235 86.66666 82.74509 100 77.25491 100 49.80392 8.235294 84.31373 100 39.60784 42.7451 29.80392 61.17647 83.13725 60.39216 73.72549 35.29412 86.66666 47.84314 9.411765 54.11765 81.17647 81.96078 66.27451 79.60784 58.82353 64.70588 42.7451 10.98039 32.54902 21.96078
20.78431 39.21569 14.11765 49.01961 38.43137 40 23.13725 54.5098 36.47059 21.56863 39.60784 5.098039 41.96078 17.2549 11.37255 43.13726 18.43137 11.37255 24.31373 20.78431 14.11765 26.66667 9.411765 13.33333 18.43137 48.23529 56.07843 63.92157 100 83.52941 25.4902 46.66667 47.45098 9.803922 59.21569 100 50.98039 16.86275 100 18.43137 46.27451 14.90196 47.05882 100 100 64.31373 96.07843 100 23.92157 100 29.01961 100 5.098039 11.76471 21.56863 56.86274 85.4902 32.54902 77.64706 100 20 34.90196 32.94118 41.96078 86.66666 100 69.41177 41.17647 27.45098 18.03922 35.68628 3.137255 18.82353 34.90196
8.235294 27.05882 16.47059 21.56863 49.41177 13.33333 58.03922 44.70588 21.17647 67.05882 62.7451 51.37255 14.90196 37.2549 28.23529 20 4.313725 23.52941 4.313725 11.37255 20.39216 37.2549 19.21569 41.17647 34.90196 100 100 98.82353 75.29412 100 54.5098 58.03922 41.17647 58.43137 81.17647 15.68627 17.64706 100 74.5098 24.70588 3.137255 24.70588 27.05882 24.31373 85.88235 22.35294 76.86275 8.235294 73.33334 100 100 32.94118 21.56863 40 57.64706 88.62745 34.5098 19.60784 100 86.27451 25.88235 55.29412 30.98039 86.27451 100 100 29.80392 14.11765 29.41176 34.90196 15.68627 20 5.882353 26.66667
35.68628 33.33333 26.66667 45.4902 16.47059 22.35294 20 20 31.76471 100 28.62745 82.74509 24.70588 19.60784 12.94118 21.17647 33.72549 20.78431 17.64706 31.37255 14.90196 10.58823 8.627451 36.07843 100 77.25491 86.66666 55.29412 100 38.03922 67.45098 63.52941 88.23529 71.37255 25.4902 17.64706 37.64706 96.07843 58.03922 57.2549 16.86275 16.47059 40 23.92157 41.56863 65.88235 20.78431 100 100 100 100 34.90196 8.235294 46.27451 52.94118 71.37255 21.56863 92.54902 100 35.29412 39.60784 23.52941 76.07843 94.5098 100 65.88235 70.98039 16.47059 31.76471 11.76471 34.5098 26.27451 25.4902 11.76471
34.90196 25.09804 16.47059 20.39216 16.07843 8.627451 52.54902 32.94118 100 31.76471 72.15686 38.43137 96.07843 59.21569 36.07843 19.21569 26.27451 32.54902 42.35294 16.86275 15.68627 23.13725 23.92157 56.47059 49.80392 100 84.70588 55.29412 100 91.37255 100 85.88235 34.90196 26.66667 42.35294 34.11765 91.37255 100 33.33333 100 45.88235 46.27451 32.94118 16.47059 18.82353 29.01961 100 100 27.05882 83.92157 28.62745 13.33333 24.70588 51.37255 51.37255 33.33333 43.13726 100 50.19608 32.94118 92.54902 36.07843 56.07843 100 96.86275 54.11765 45.88235 24.31373 14.90196 11.76471 14.5098 20.78431 11.76471 25.09804
22.7451 25.4902 27.45098 4.313725 16.47059 27.05882 3.529412 50.19608 100 8.627451 66.27451 43.52941 52.54902 38.43137 30.19608 42.35294 13.33333 26.27451 5.882353 19.60784 16.07843 47.05882 66.66666 84.70588 100 14.90196 100 28.23529 100 100 100 56.86274 44.31372 6.666667 23.13725 42.35294 55.68628 100 64.31373 75.29412 34.90196 23.13725 33.33333 54.5098 92.15686 100 100 100 71.37255 46.66667 25.88235 27.84314 40.78431 60.78431 56.07843 100 100 100 40.39216 57.64706 100 76.47059 99.21568 100 43.13726 38.43137 11.37255 60.39216 24.31373 12.54902 10.58823 21.96078 32.94118 9.803922
27.84314 21.96078 11.76471 8.627451 11.76471 26.27451 9.803922 56.07843 33.72549 24.70588 76.86275 56.47059 56.47059 16.47059 27.84314 39.21569 44.70588 42.7451 21.17647 17.2549 20.39216 28.23529 53.72549 71.76471 72.94118 58.03922 91.37255 14.90196 85.09804 100 100 60.78431 27.84314 24.70588 25.09804 100 46.66667 61.17647 49.41177 23.52941 99.60784 71.37255 97.64706 100 100 100 86.27451 66.27451 95.29412 33.33333 51.37255 37.2549 35.68628 14.5098 83.13725 100 100 21.56863 52.54902 57.2549 45.09804 100 88.23529 59.21569 29.80392 63.52941 3.529412 24.70588 23.52941 8.235294 10.98039 12.54902 18.82353 8.235294
35.29412 27.05882 24.31373 9.019608 8.235294 41.96078 56.47059 100 22.7451 31.37255 25.09804 20 27.05882 33.72549 26.66667 50.19608 27.45098 29.41176 12.94118 23.52941 14.5098 11.76471 50.58823 100 100 100 41.17647 11.37255 21.96078 41.17647 60.78431 24.31373 14.90196 30.19608 18.43137 86.66666 49.41177 47.45098 14.90196 62.7451 81.96078 97.64706 100 100 42.35294 20.78431 59.60784 81.56863 3.529412 76.47059 33.33333 14.11765 77.25491 11.37255 100 100 78.82353 62.7451 30.58824 70.58823 100 29.01961 50.58823 13.33333 48.62745 38.03922 8.235294 15.29412 20 14.90196 6.27451 8.235294 40 17.64706
23.52941 24.70588 42.7451 55.29412 25.09804 1.960784 56.07843 19.60784 25.88235 43.52941 13.33333 42.7451 24.31373 47.05882 38.82353 51.37255 51.37255 33.72549 21.96078 22.35294 100 100 38.03922 26.66667 56.47059 67.84314 23.52941 9.803922 21.56863 27.05882 3.529412 30.98039 18.03922 19.21569 100 100 78.82353 44.70588 34.11765 41.17647 61.17647 92.54902 100 16.86275 73.72549 58.03922 47.84314 46.66667 51.76471 27.45098 48.62745 35.68628 80 80 100 55.68628 100 61.17647 61.56863 92.54902 90.98039 28.62745 10.19608 29.80392 30.19608 55.29412 20.39216 23.52941 41.96078 26.66667 9.411765 11.37255 19.60784 14.90196
36.07843 85.09804 21.56863 22.35294 34.90196 22.35294 94.11765 24.70588 61.17647 22.7451 68.23529 20.39216 29.41176 48.62745 23.13725 57.2549 14.90196 37.64706 53.72549 100 100 81.56863 47.84314 24.31373 31.37255 19.21569 9.411765 27.05882 3.137255 47.05882 19.60784 39.60784 26.27451 42.7451 100 42.35294 31.76471 22.7451 78.82353 100 100 87.45098 29.80392 100 41.17647 8.235294 27.05882 24.31373 18.43137 36.07843 44.31372 100 56.86274 100 75.29412 41.17647 100 66.66666 84.31373 69.41177 69.41177 48.23529 39.60784 12.54902 28.62745 5.882353 18.82353 15.68627 21.56863 12.94118 27.84314 18.03922 17.2549 32.94118
49.01961 65.88235 31.76471 31.37255 20.39216 27.05882 100 22.7451 65.88235 49.41177 47.84314 42.35294 13.33333 11.76471 43.13726 60 27.45098 33.72549 56.86274 100 56.07843 90.19608 45.09804 14.90196 16.47059 30.98039 57.64706 31.76471 33.72549 16.47059 38.43137 39.60784 55.68628 100 100 100 61.96078 61.17647 100 32.54902 34.90196 32.54902 100 40.78431 31.37255 29.80392 21.17647 19.60784 23.13725 70.98039 100 100 100 58.03922 59.21569 63.92157 42.7451 76.07843 63.52941 94.11765 65.88235 8.627451 24.31373 20 40 24.31373 6.666667 24.31373 50.19608 8.235294 23.52941 21.96078 10.98039 27.84314
31.76471 28.23529 4.705883 19.21569 21.56863 40 70.58823 62.35294 45.4902 14.90196 20.39216 50.98039 29.41176 52.94118 47.45098 32.54902 83.13725 82.74509 100 26.66667 47.84314 40 20 11.37255 11.37255 69.41177 49.41177 47.84314 31.76471 5.882353 19.60784 49.41177 100 100 69.41177 84.31373 66.27451 100 24.70588 40.78431 13.33333 92.54902 68.23529 96.07843 40.78431 31.76471 1.960784 17.64706 95.68627 96.07843 92.54902 54.90196 42.7451 20 47.84314 47.84314 83.13725 27.05882 67.05882 28.62745 38.03922 24.70588 21.56863 21.17647 19.60784 55.29412 14.5098 1.960784 76.07843 26.27451 9.411765 3.529412 18.43137 28.23529
40.39216 23.52941 58.43137 32.94118 43.13726 41.96078 54.11765 14.90196 37.2549 53.72549 34.5098 10.19608 8.235294 31.76471 22.7451 42.7451 91.76471 33.33333 38.82353 34.90196 31.76471 26.66667 21.56863 3.529412 43.92157 99.21568 23.13725 67.45098 32.15686 35.29412 52.54902 100 100 57.2549 54.5098 100 36.86274 23.52941 36.86274 10.58823 71.76471 100 23.92157 58.43137 36.07843 12.54902 21.56863 40.78431 100 50.19608 58.43137 23.13725 13.33333 50.98039 46.27451 49.01961 38.03922 50.19608 23.52941 45.88235 11.37255 12.54902 43.13726 14.11765 4.313725 9.803922 19.60784 37.64706 29.80392 18.03922 16.86275 11.76471 0 10.19608
18.03922 65.88235 96.47059 30.58824 68.23529 61.96078 54.11765 98.43137 33.72549 25.88235 38.03922 46.66667 20.78431 7.058824 27.84314 38.82353 41.96078 31.76471 31.37255 46.66667 31.76471 21.96078 21.56863 21.56863 47.45098 65.4902 49.01961 54.90196 30.98039 18.03922 76.47059 100 100 63.13726 91.37255 47.84314 48.23529 19.60784 30.19608 61.56863 100 23.13725 8.235294 37.64706 56.47059 23.13725 54.5098 100 54.5098 35.29412 46.27451 32.94118 20 5.098039 63.52941 32.94118 59.21569 81.17647 52.54902 51.37255 20.78431 35.29412 21.17647 6.666667 8.627451 6.666667 18.03922 7.058824 10.98039 12.54902 5.098039 25.09804 10.19608 7.058824
24.70588 61.96078 72.94118 36.47059 100 47.05882 49.80392 100 28.62745 20 25.4902 81.56863 3.137255 19.21569 14.5098 27.05882 100 54.5098 41.17647 32.94118 23.52941 17.64706 31.76471 16.07843 33.33333 46.27451 20.78431 38.43137 24.31373 49.80392 61.96078 100 100 44.70588 65.88235 45.88235 42.7451 27.45098 23.13725 67.05882 56.47059 53.33333 38.03922 48.62745 44.31372 31.37255 61.17647 100 9.019608 36.47059 100 76.07843 38.03922 45.4902 11.76471 81.17647 52.54902 64.31373 100 54.90196 41.17647 30.58824 18.82353 19.60784 12.54902 12.94118 3.137255 67.45098 8.235294 3.529412 25.88235 8.235294 14.90196 13.72549
27.05882 74.11765 86.27451 89.80392 23.52941 44.31372 36.86274 69.80392 8.235294 29.41176 16.07843 17.2549 10.98039 14.90196 42.7451 51.76471 74.11765 61.17647 27.05882 22.35294 32.54902 36.86274 26.66667 3.137255 5.098039 6.666667 27.84314 3.529412 42.35294 39.60784 69.01961 87.45098 100 7.058824 29.01961 54.11765 28.62745 54.90196 70.58823 59.21569 48.23529 39.60784 100 100 56.07843 65.4902 100 36.47059 73.72549 63.52941 19.60784 50.19608 67.84314 31.37255 46.27451 28.23529 8.235294 27.05882 26.66667 100 50.98039 20.78431 11.76471 6.666667 22.7451 14.5098 8.627451 25.4902 15.68627 8.235294 4.705883 9.803922 6.666667 29.80392
38.82353 58.43137 81.17647 60.78431 54.90196 68.23529 36.07843 51.76471 33.33333 17.2549 63.52941 40.78431 9.411765 43.52941 100 57.2549 19.21569 15.68627 14.11765 9.019608 28.23529 45.09804 24.31373 29.41176 14.90196 16.86275 30.19608 28.23529 34.5098 29.80392 100 94.11765 100 19.60784 56.47059 32.94118 24.31373 54.5098 88.23529 56.47059 87.45098 90.19608 89.01961 99.60784 61.17647 80.39216 98.03922 92.54902 100 20 25.09804 14.90196 33.72549 34.90196 29.41176 30.19608 20 21.56863 84.31373 26.66667 28.23529 9.411765 1.568627 20 23.13725 11.76471 15.29412 29.41176 33.72549 4.705883 17.2549 3.529412 16.86275 17.2549
36.07843 31.76471 100 69.80392 57.64706 96.07843 26.66667 24.70588 20 14.11765 23.92157 46.27451 64.31373 38.03922 81.96078 41.96078 20 22.35294 16.47059 33.33333 20 19.21569 26.27451 41.96078 14.90196 22.7451 20 45.09804 42.7451 50.98039 100 100 100 1.568627 51.37255 18.03922 45.09804 87.45098 45.88235 83.13725 68.23529 100 50.58823 100 52.94118 100 97.64706 74.90196 52.54902 21.96078 22.7451 27.84314 10.58823 29.41176 8.627451 29.41176 22.7451 23.92157 60 19.21569 18.03922 20 24.70588 8.235294 14.5098 10.58823 19.60784 27.05882 15.68627 31.37255 8.627451 14.90196 8.235294 13.33333
