urbanization-model/data/slope_accra.asc
ncols         886
nrows         536
xllcorner     730915.48888016
yllcorner     577744.79015281
cellsize      200
NODATA_value  -9999
[rows 363 to 395 of 536, columns 0 to 73 of 886]
40 49.01961 10.98039 62.7451 34.5098 17.64706 30.98039 10.98039 26.66667 31.76471 71.37255 14.90196 15.29412 22.7451 6.27451 13.33333 30.58824 21.96078 41.96078 6.27451 30.58824 70.58823 34.90196 30.19608 29.01961 33.33333 65.88235 38.03922 31.37255 100 63.92157 16.86275 30.19608 58.03922 42.7451 31.76471 38.82353 11.37255 5.098039 50.19608 30.19608 53.33333 83.52941 38.43137 60 57.2549 83.13725 72.15686 44.31372 12.54902 21.17647 76.07843 50.19608 21.96078 20.39216 86.66666 70.98039 49.80392 22.7451 9.803922 42.7451 24.70588 32.94118 18.82353 3.529412 4.313725 12.54902 23.52941 8.235294 10.58823 11.37255 10.19608 16.86275 3.137255
16.47059 10.58823 40 38.43137 18.03922 29.80392 14.90196 10.58823 40 32.94118 30.19608 5.882353 39.21569 54.11765 17.64706 19.21569 76.86275 47.05882 36.07843 48.23529 9.411765 47.45098 16.47059 41.17647 58.43137 18.03922 63.92157 43.52941 4.313725 41.17647 43.52941 22.35294 24.31373 30.58824 24.70588 100 81.17647 68.62745 38.03922 32.15686 100 23.92157 31.37255 9.411765 39.21569 41.56863 14.11765 48.62745 55.29412 8.235294 39.60784 18.82353 27.84314 44.31372 39.21569 45.4902 100 22.7451 10.98039 21.96078 22.35294 1.568627 9.019608 25.4902 1.568627 21.96078 9.803922 15.29412 0 8.235294 11.76471 12.54902 16.86275 8.235294
51.37255 30.19608 18.82353 24.70588 28.23529 34.11765 24.31373 15.68627 21.56863 54.90196 61.96078 38.03922 28.62745 43.13726 65.4902 37.64706 25.09804 14.11765 18.43137 24.31373 38.03922 39.21569 63.13726 29.41176 87.05882 41.56863 92.94118 94.11765 76.07843 67.05882 60.78431 72.15686 23.13725 48.62745 74.11765 100 100 100 100 21.56863 26.27451 43.13726 20 33.72549 25.88235 23.13725 16.07843 100 31.76471 31.76471 21.96078 49.80392 23.52941 28.23529 34.90196 8.235294 26.27451 22.35294 21.17647 28.23529 10.58823 13.33333 16.47059 17.64706 5.882353 20 19.60784 13.33333 29.41176 8.235294 16.47059 8.627451 10.19608 31.37255
21.17647 12.94118 20 8.235294 30.19608 15.68627 43.92157 9.019608 18.82353 47.84314 100 27.45098 100 18.82353 56.86274 26.27451 36.07843 100 40.78431 5.882353 52.94118 27.45098 20.39216 12.54902 10.58823 32.94118 57.64706 43.13726 41.17647 34.90196 8.235294 27.84314 43.92157 25.4902 65.09804 1.960784 100 100 100 26.27451 67.45098 50.19608 20.78431 27.05882 36.07843 36.86274 31.76471 25.88235 100 23.13725 24.31373 43.13726 29.80392 38.82353 31.76471 27.84314 34.11765 23.13725 31.37255 5.098039 8.627451 4.313725 18.82353 16.47059 8.627451 8.235294 19.60784 11.76471 11.76471 10.98039 23.13725 17.2549 14.90196 9.803922
16.07843 13.72549 40.78431 16.47059 10.98039 14.11765 18.82353 25.09804 11.76471 54.90196 83.92157 41.17647 49.01961 12.54902 29.41176 5.882353 12.54902 32.94118 32.15686 28.62745 36.47059 56.47059 16.47059 22.7451 1.960784 38.43137 18.43137 21.56863 14.90196 40 20 69.01961 75.68627 27.84314 100 100 100 33.33333 5.098039 13.72549 29.41176 41.56863 20 31.76471 40 18.82353 38.03922 58.43137 27.05882 58.03922 25.09804 50.58823 71.37255 22.7451 12.54902 81.56863 21.56863 20 4.705883 10.98039 20.78431 21.56863 20.39216 28.23529 16.47059 6.27451 12.54902 20.78431 9.803922 25.4902 3.529412 17.2549 6.27451 23.52941
5.882353 20 40.39216 12.54902 21.56863 3.529412 31.76471 38.43137 18.43137 100 36.47059 43.52941 27.05882 30.19608 13.33333 12.54902 22.35294 7.058824 21.17647 11.76471 25.88235 17.2549 13.33333 37.64706 8.627451 40.78431 18.43137 4.313725 10.19608 36.47059 27.05882 39.21569 26.66667 1.960784 45.09804 15.29412 49.01961 65.4902 20 23.52941 21.96078 44.70588 9.411765 36.07843 17.64706 58.43137 29.01961 46.66667 14.90196 43.52941 50.98039 9.803922 60.78431 24.70588 28.23529 17.2549 23.92157 74.11765 8.235294 6.27451 3.529412 6.27451 21.56863 10.98039 8.235294 9.803922 24.31373 21.17647 20.39216 20 4.313725 10.58823 18.03922 37.64706
33.72549 13.72549 20 1.568627 11.37255 26.66667 100 34.5098 51.37255 100 50.98039 25.4902 5.882353 24.31373 15.29412 5.098039 17.64706 8.235294 14.90196 21.96078 67.45098 41.96078 32.94118 64.31373 36.47059 31.37255 69.41177 23.52941 24.70588 20 31.76471 56.86274 69.80392 5.098039 58.03922 42.7451 48.23529 66.27451 28.62745 12.94118 16.86275 22.7451 48.23529 33.72549 54.11765 45.88235 36.07843 18.03922 44.70588 14.90196 94.11765 50.58823 8.235294 11.76471 7.058824 72.54902 82.74509 100 16.86275 13.33333 21.56863 16.86275 50.19608 13.33333 23.52941 10.58823 18.43137 13.72549 10.19608 20 18.03922 19.21569 13.33333 8.235294
40 62.7451 10.58823 3.529412 3.137255 17.2549 28.62745 31.37255 34.11765 28.23529 43.52941 19.60784 20.39216 31.76471 19.21569 3.529412 18.43137 23.13725 43.52941 25.88235 10.98039 10.19608 43.13726 25.88235 43.92157 27.05882 58.43137 64.31373 43.92157 0 23.52941 37.64706 91.76471 18.03922 100 100 53.72549 20.78431 38.43137 18.82353 8.235294 51.76471 25.09804 29.41176 27.05882 19.60784 81.17647 11.76471 73.72549 100 9.411765 27.05882 20 21.96078 10.19608 59.21569 5.882353 30.19608 49.01961 23.52941 8.235294 13.33333 27.05882 18.43137 31.76471 18.43137 6.27451 17.64706 6.666667 14.11765 10.19608 11.37255 28.23529 5.098039
20 64.31373 4.705883 20 35.68628 20.78431 1.960784 18.82353 25.88235 18.43137 0 9.803922 27.45098 13.33333 13.33333 1.960784 12.54902 5.098039 41.56863 72.54902 24.70588 50.98039 50.98039 32.94118 16.86275 16.86275 29.80392 42.7451 68.62745 28.23529 24.31373 25.88235 21.96078 16.47059 5.882353 73.33334 46.27451 50.19608 31.37255 100 43.52941 19.21569 24.70588 34.11765 38.03922 18.03922 9.019608 41.96078 15.68627 12.54902 100 26.66667 24.31373 26.27451 6.27451 17.64706 32.94118 16.47059 10.19608 19.21569 6.666667 12.54902 18.82353 20.78431 19.21569 28.62745 8.627451 19.21569 19.60784 19.60784 9.803922 43.52941 23.52941 52.54902
22.35294 19.21569 9.019608 25.4902 18.43137 10.98039 41.56863 18.82353 16.47059 24.70588 8.235294 3.529412 21.56863 18.43137 3.137255 21.96078 19.60784 21.96078 23.52941 41.17647 54.90196 10.58823 54.11765 77.64706 49.41177 60.78431 42.7451 70.58823 33.72549 60.39216 38.43137 100 15.68627 26.66667 11.37255 38.43137 6.666667 23.92157 24.70588 100 16.47059 27.05882 40 30.19608 17.64706 9.019608 8.235294 44.70588 9.411765 19.21569 49.01961 69.01961 46.27451 37.2549 45.4902 16.07843 10.19608 10.58823 14.11765 30.58824 1.568627 14.11765 13.33333 12.94118 14.11765 41.17647 32.94118 14.11765 21.17647 12.54902 18.43137 16.07843 13.33333 11.76471
14.90196 8.235294 16.86275 30.98039 10.19608 21.56863 30.19608 40 8.235294 11.37255 6.666667 16.07843 12.94118 10.19608 28.23529 8.235294 19.60784 9.803922 11.76471 33.33333 3.529412 18.82353 37.64706 43.92157 58.43137 35.29412 51.76471 24.31373 37.64706 10.19608 52.94118 18.43137 8.627451 16.47059 43.52941 44.31372 22.35294 100 63.13726 28.62745 27.84314 17.64706 43.13726 40.78431 33.33333 19.21569 20 26.27451 31.76471 51.76471 31.76471 32.94118 64.31373 22.7451 25.88235 100 30.19608 4.705883 11.76471 11.37255 23.52941 8.627451 5.882353 16.07843 18.82353 19.21569 9.803922 11.76471 18.03922 22.35294 6.666667 27.84314 32.54902 32.94118
26.66667 4.705883 29.80392 28.23529 30.19608 28.23529 32.15686 6.666667 4.705883 11.37255 16.47059 4.705883 14.90196 20 5.098039 11.76471 17.2549 41.17647 14.90196 52.54902 8.627451 25.09804 28.23529 52.94118 55.29412 23.13725 62.7451 83.13725 5.882353 16.47059 40.78431 14.90196 11.76471 37.2549 38.43137 34.90196 100 100 47.05882 30.19608 1.568627 26.66667 31.37255 41.17647 23.13725 18.03922 24.31373 62.35294 38.43137 30.19608 29.41176 61.56863 82.74509 11.76471 22.7451 17.64706 56.07843 29.80392 14.90196 19.60784 8.235294 4.313725 12.54902 45.88235 31.76471 9.803922 20 9.411765 41.56863 21.56863 32.94118 21.56863 18.82353 14.5098
33.33333 10.58823 37.2549 33.33333 8.235294 10.98039 14.90196 19.60784 19.60784 23.92157 19.60784 28.23529 31.76471 5.882353 3.529412 17.2549 18.03922 18.43137 18.03922 61.17647 5.098039 5.882353 34.11765 70.98039 38.43137 34.11765 45.88235 13.33333 48.23529 46.27451 8.627451 25.09804 75.68627 20.78431 34.90196 3.529412 10.58823 100 100 100 38.82353 11.37255 16.86275 36.47059 41.96078 61.56863 36.47059 27.84314 14.5098 32.94118 9.019608 33.72549 30.58824 35.29412 11.76471 26.27451 38.82353 27.45098 11.37255 10.19608 21.17647 26.66667 6.666667 18.43137 8.627451 17.64706 18.82353 9.803922 29.80392 20.39216 5.882353 21.56863 8.235294 17.64706
8.235294 35.29412 12.54902 11.76471 25.09804 14.90196 34.5098 19.21569 24.70588 27.45098 16.47059 14.11765 6.27451 20.39216 16.47059 20.39216 3.137255 47.84314 28.23529 20 23.52941 31.76471 38.43137 13.33333 47.84314 40 37.64706 38.82353 49.80392 5.098039 50.58823 31.76471 49.41177 60.78431 30.19608 17.2549 61.56863 56.47059 100 52.15686 26.66667 47.84314 47.05882 45.09804 22.7451 31.37255 8.235294 6.666667 24.31373 62.7451 46.27451 38.03922 79.21568 71.76471 3.529412 14.11765 20 16.86275 27.45098 3.529412 19.21569 28.23529 9.803922 6.27451 20 14.90196 4.705883 39.21569 24.31373 6.666667 15.68627 33.33333 23.13725 16.07843
3.529412 11.76471 16.47059 34.5098 16.07843 25.09804 6.666667 21.17647 20 22.35294 5.098039 25.4902 16.07843 20.39216 30.58824 1.960784 38.03922 31.37255 85.4902 36.86274 16.47059 18.03922 54.11765 100 100 64.31373 8.627451 29.80392 35.29412 34.5098 21.96078 81.56863 83.13725 31.37255 14.11765 45.09804 21.96078 33.33333 88.23529 9.803922 27.05882 40.39216 20.39216 5.098039 24.70588 28.62745 17.64706 10.19608 40.78431 100 100 19.21569 16.47059 30.58824 41.17647 32.54902 31.76471 35.29412 14.90196 10.19608 29.41176 22.35294 12.54902 31.76471 31.37255 4.705883 12.54902 9.019608 3.529412 27.45098 25.88235 13.33333 23.52941 32.15686
0 10.98039 70.98039 41.96078 5.098039 34.11765 13.33333 23.52941 17.64706 20.78431 5.882353 5.098039 0 34.5098 39.60784 16.86275 38.82353 44.31372 25.88235 5.882353 14.5098 37.64706 34.90196 100 61.17647 14.90196 100 38.03922 4.705883 12.54902 22.7451 76.07843 35.29412 36.47059 26.66667 41.17647 21.17647 27.84314 8.235294 100 100 50.19608 35.29412 32.94118 74.11765 11.76471 21.56863 12.54902 12.54902 100 16.47059 12.54902 16.47059 27.45098 28.23529 20.39216 21.56863 6.27451 11.37255 14.11765 40.78431 12.94118 10.58823 34.11765 5.882353 15.29412 21.96078 16.86275 9.019608 20.78431 25.09804 6.27451 5.882353 30.58824
10.58823 10.58823 15.29412 25.88235 7.058824 20.39216 27.84314 3.137255 14.5098 38.03922 23.52941 11.76471 8.235294 5.098039 6.666667 78.82353 45.09804 100 24.70588 5.098039 30.19608 17.64706 20.39216 28.62745 32.54902 6.666667 100 38.43137 30.98039 22.7451 41.96078 74.11765 14.11765 17.2549 11.37255 47.05882 6.666667 14.5098 21.17647 33.33333 28.62745 14.11765 52.54902 47.05882 24.70588 70.98039 24.70588 8.235294 20 44.70588 13.33333 8.235294 16.86275 5.882353 14.11765 10.98039 23.13725 6.666667 13.33333 16.07843 16.07843 14.5098 9.019608 4.313725 27.45098 10.19608 14.11765 1.568627 23.52941 21.17647 28.23529 21.17647 26.66667 17.64706
30.58824 1.568627 13.33333 26.27451 23.52941 3.529412 11.37255 15.29412 42.7451 19.21569 39.21569 6.666667 17.2549 34.5098 86.27451 27.05882 13.33333 100 62.7451 22.35294 20.39216 34.11765 39.60784 12.54902 21.96078 14.5098 14.90196 8.235294 21.17647 100 70.98039 29.41176 30.58824 87.05882 21.96078 52.94118 14.90196 14.11765 18.43137 14.5098 45.4902 43.52941 41.17647 33.33333 24.70588 81.96078 14.5098 19.21569 24.70588 33.33333 74.5098 38.43137 41.96078 3.137255 19.60784 14.5098 20.39216 14.11765 10.98039 23.13725 18.03922 20 21.56863 23.92157 15.68627 20.78431 14.11765 20.39216 19.60784 32.94118 5.882353 3.529412 20.39216 13.33333
17.2549 14.11765 19.21569 18.03922 21.96078 14.11765 6.666667 13.33333 23.52941 26.66667 16.86275 19.21569 10.98039 4.313725 84.31373 29.01961 25.88235 3.137255 19.60784 8.627451 13.33333 18.82353 1.568627 6.666667 45.4902 81.96078 43.52941 50.58823 8.235294 11.37255 14.90196 100 37.2549 27.84314 23.52941 20.78431 72.15686 19.21569 14.5098 40.78431 12.54902 16.47059 18.43137 28.23529 38.03922 21.56863 79.60784 76.07843 22.7451 21.96078 16.47059 18.03922 38.43137 20.78431 41.56863 21.17647 16.86275 19.21569 18.03922 6.666667 13.72549 14.5098 14.11765 16.86275 21.17647 10.98039 0 14.5098 1.568627 21.17647 35.29412 10.19608 25.09804 20
18.82353 26.27451 11.37255 10.19608 21.56863 22.7451 5.098039 14.90196 3.529412 14.5098 38.43137 29.41176 21.96078 16.47059 13.33333 21.56863 7.058824 3.529412 28.23529 32.94118 21.17647 20.78431 18.03922 14.11765 38.03922 48.62745 37.64706 20.78431 6.27451 12.94118 23.52941 100 72.54902 27.05882 27.84314 18.43137 41.17647 8.235294 31.76471 37.2549 8.627451 61.56863 15.68627 24.70588 41.17647 29.01961 25.88235 36.07843 19.21569 15.68627 10.98039 28.23529 1.568627 16.86275 16.47059 7.058824 4.705883 16.86275 8.235294 20.78431 6.666667 13.33333 3.529412 19.21569 1.960784 5.882353 16.86275 49.01961 53.72549 26.66667 11.76471 23.52941 14.11765 32.15686
9.411765 6.666667 12.54902 14.90196 12.54902 18.03922 22.35294 3.137255 1.960784 4.705883 14.11765 3.137255 8.235294 25.4902 17.2549 10.58823 21.56863 20.39216 14.11765 14.11765 6.27451 19.60784 3.529412 18.82353 14.90196 42.35294 57.64706 17.64706 10.19608 8.235294 67.05882 42.35294 29.80392 83.52941 70.19608 100 49.80392 4.705883 53.33333 4.313725 59.60784 13.72549 48.23529 53.72549 27.84314 9.803922 1.568627 13.33333 47.05882 9.411765 9.411765 11.76471 17.2549 21.17647 28.62745 17.2549 20.78431 17.64706 23.52941 24.31373 3.137255 26.27451 27.84314 21.17647 31.76471 32.94118 6.666667 29.80392 16.47059 28.62745 9.019608 20.78431 3.529412 16.86275
25.88235 26.66667 16.07843 37.64706 29.41176 8.627451 14.5098 20.78431 14.5098 9.803922 21.17647 8.627451 5.882353 25.09804 28.62745 14.5098 8.627451 16.86275 4.313725 32.54902 21.17647 32.15686 14.11765 12.94118 25.88235 20.39216 34.90196 41.96078 21.56863 49.01961 40 22.35294 22.7451 28.62745 87.45098 80.39216 50.19608 8.235294 43.13726 10.19608 23.52941 19.21569 12.94118 16.86275 16.07843 18.82353 46.66667 29.01961 100 22.7451 94.11765 11.76471 25.09804 20.78431 19.21569 30.98039 23.52941 14.11765 23.13725 1.960784 14.90196 24.31373 13.72549 22.35294 14.5098 25.4902 16.86275 4.705883 24.70588 37.2549 19.60784 10.98039 16.86275 8.235294
13.33333 0 14.11765 36.07843 14.90196 16.07843 16.47059 24.70588 31.76471 16.47059 40 41.17647 33.72549 7.058824 10.19608 12.54902 23.13725 37.64706 30.58824 9.019608 30.19608 13.33333 12.54902 14.90196 23.52941 21.56863 47.45098 27.84314 17.2549 25.88235 74.11765 22.7451 36.47059 41.56863 100 100 54.11765 39.60784 8.235294 29.41176 25.88235 9.019608 21.17647 25.09804 31.37255 47.05882 39.21569 14.5098 76.07843 28.62745 24.31373 29.80392 54.11765 10.98039 22.35294 17.2549 5.882353 11.76471 13.72549 20.39216 10.58823 8.235294 16.07843 29.01961 18.03922 10.58823 4.313725 27.05882 19.60784 18.43137 14.11765 25.09804 22.35294 29.80392
6.666667 28.23529 36.86274 25.09804 9.803922 4.705883 30.19608 23.13725 14.11765 26.66667 21.96078 25.09804 23.92157 32.54902 26.66667 1.960784 20.78431 32.94118 27.84314 35.68628 39.60784 14.11765 14.90196 16.47059 23.52941 47.05882 37.64706 27.05882 54.5098 29.80392 16.07843 21.96078 17.2549 22.35294 99.21568 29.41176 100 20.78431 11.76471 20 23.52941 17.2549 56.47059 20.39216 4.313725 25.88235 43.92157 22.7451 8.627451 100 42.35294 37.64706 8.235294 8.235294 27.05882 19.21569 18.03922 18.82353 14.90196 9.019608 20 15.29412 25.09804 9.803922 22.35294 13.33333 6.666667 23.13725 15.68627 21.96078 23.13725 17.64706 16.07843 16.07843
13.33333 29.80392 16.07843 14.90196 11.76471 61.56863 5.882353 33.33333 22.35294 24.70588 17.64706 4.313725 23.52941 24.31373 16.07843 14.90196 19.21569 12.54902 19.60784 34.11765 92.94118 5.882353 9.019608 19.21569 14.90196 22.35294 10.58823 18.82353 21.17647 14.11765 22.35294 8.627451 11.76471 13.33333 29.80392 35.29412 47.05882 14.90196 58.82353 16.47059 20 34.5098 28.23529 19.60784 6.666667 16.47059 38.82353 20.78431 34.5098 52.15686 46.27451 66.66666 33.33333 31.76471 21.17647 21.96078 3.529412 14.90196 9.803922 34.11765 15.29412 17.2549 26.66667 20.39216 21.56863 9.803922 17.64706 6.666667 10.19608 16.07843 7.058824 4.313725 16.47059 33.72549
34.11765 6.666667 29.41176 28.23529 9.411765 15.29412 23.13725 19.21569 31.37255 10.98039 20.39216 10.19608 18.43137 19.21569 14.90196 25.09804 17.64706 9.019608 44.70588 34.11765 25.09804 20.78431 60.39216 31.37255 10.98039 18.03922 13.33333 7.058824 35.29412 8.235294 40 40.78431 17.64706 15.29412 18.82353 13.33333 19.60784 26.66667 25.4902 26.66667 12.54902 21.17647 19.21569 22.7451 58.43137 23.13725 16.47059 28.23529 32.94118 45.88235 25.09804 30.19608 76.07843 72.54902 19.60784 12.94118 10.19608 25.09804 6.666667 14.90196 14.5098 27.84314 14.5098 8.235294 17.64706 14.11765 16.07843 36.86274 18.43137 12.54902 15.68627 30.58824 16.07843 19.21569
32.94118 9.019608 45.09804 69.01961 5.882353 16.86275 18.43137 26.27451 23.52941 19.21569 8.235294 9.803922 6.666667 5.882353 4.705883 16.47059 4.705883 4.705883 12.54902 17.2549 28.62745 10.58823 40.78431 14.5098 26.66667 25.88235 39.21569 28.23529 29.80392 14.90196 45.4902 63.92157 51.37255 30.98039 18.43137 39.60784 26.66667 10.98039 16.47059 78.82353 30.19608 6.27451 56.86274 47.45098 67.84314 100 16.47059 3.529412 21.17647 65.88235 94.90196 37.64706 39.60784 37.64706 13.33333 11.37255 14.5098 30.98039 8.235294 30.58824 22.35294 17.2549 31.37255 7.058824 24.70588 4.705883 8.627451 38.43137 25.88235 36.47059 13.33333 12.54902 23.52941 12.54902
15.29412 61.96078 23.52941 14.90196 55.29412 26.66667 31.76471 27.45098 9.411765 7.058824 1.960784 18.03922 17.64706 12.94118 40 31.76471 34.11765 25.09804 17.64706 20.39216 14.11765 44.70588 29.01961 19.60784 13.72549 63.52941 44.70588 47.05882 33.72549 9.019608 14.90196 11.37255 43.92157 31.76471 35.29412 35.29412 90.19608 69.80392 100 10.98039 16.86275 17.64706 33.72549 20 5.098039 57.64706 28.23529 100 38.43137 36.47059 100 14.11765 14.11765 100 9.411765 26.66667 23.52941 6.666667 24.70588 17.64706 13.33333 10.98039 18.43137 13.33333 8.627451 15.68627 14.90196 6.666667 11.37255 18.03922 20.78431 31.76471 8.235294 16.86275
46.66667 19.21569 13.33333 31.37255 33.72549 25.4902 32.94118 5.098039 9.803922 19.21569 8.235294 20 17.2549 9.019608 22.35294 24.70588 4.705883 6.666667 40 67.05882 6.666667 20 1.960784 19.21569 26.27451 17.2549 1.568627 38.03922 11.37255 34.11765 25.88235 34.90196 47.84314 23.13725 48.23529 76.86275 56.47059 12.54902 83.52941 15.29412 25.88235 81.96078 25.09804 81.17647 6.666667 21.96078 13.72549 52.94118 11.37255 26.66667 28.62745 32.54902 9.411765 54.90196 13.72549 10.19608 18.43137 19.60784 8.235294 27.05882 19.21569 10.19608 9.019608 21.17647 27.05882 22.35294 8.627451 26.66667 19.21569 16.47059 16.86275 9.803922 19.21569 7.058824
14.90196 38.43137 20 6.666667 49.80392 36.07843 24.31373 10.19608 16.47059 27.84314 11.76471 19.21569 4.705883 8.235294 21.96078 9.019608 8.235294 1.568627 13.33333 18.82353 31.76471 15.68627 10.19608 13.33333 20.39216 28.23529 12.94118 100 100 9.803922 11.76471 31.76471 24.70588 44.70588 19.21569 31.76471 52.94118 26.27451 35.68628 27.05882 18.82353 13.33333 23.13725 52.94118 56.86274 3.529412 27.05882 46.27451 14.90196 4.313725 39.60784 21.17647 67.45098 20.78431 13.33333 20 8.235294 14.11765 21.56863 18.03922 14.90196 16.07843 6.666667 10.58823 1.960784 4.705883 21.56863 21.96078 3.137255 17.64706 14.5098 13.33333 12.54902 17.64706
4.705883 11.37255 1.568627 8.235294 21.56863 14.90196 11.37255 15.29412 23.13725 14.11765 6.666667 49.80392 14.90196 27.45098 11.76471 4.705883 14.90196 35.29412 31.76471 38.43137 45.09804 6.27451 5.098039 10.98039 32.94118 4.313725 20 20.78431 48.23529 41.17647 5.098039 41.17647 16.47059 20 37.64706 73.33334 31.37255 53.72549 43.13726 50.19608 5.098039 18.03922 16.47059 42.35294 48.23529 21.96078 35.29412 16.86275 7.058824 34.90196 5.882353 43.13726 65.09804 38.82353 19.60784 18.43137 18.03922 10.58823 8.235294 5.098039 21.17647 20.39216 14.5098 11.76471 13.72549 19.21569 21.56863 23.13725 18.43137 34.11765 19.21569 26.27451 20.39216 23.13725
8.627451 9.803922 14.90196 16.07843 10.58823 6.666667 20.39216 14.11765 18.03922 21.56863 1.960784 22.7451 100 81.96078 13.33333 8.235294 4.313725 31.37255 9.803922 12.54902 14.11765 21.56863 12.54902 16.07843 25.4902 19.21569 20.39216 37.64706 16.86275 34.11765 19.21569 17.64706 21.96078 32.94118 49.80392 9.803922 14.90196 40 51.37255 13.72549 14.11765 49.41177 35.29412 16.47059 36.47059 6.666667 8.235294 31.37255 8.235294 44.70588 57.64706 58.43137 33.72549 38.43137 20.78431 40 10.58823 28.62745 21.56863 10.19608 11.76471 25.88235 21.56863 18.03922 5.098039 34.11765 21.56863 1.568627 9.019608 12.54902 21.56863 21.56863 11.76471 12.54902
17.2549 14.5098 20 20.78431 12.54902 21.17647 32.94118 3.529412 20 19.60784 14.90196 29.80392 100 100 14.90196 30.58824 18.82353 34.11765 17.2549 18.82353 27.45098 10.19608 4.705883 8.235294 17.64706 23.13725 48.23529 36.47059 55.68628 26.66667 44.70588 27.84314 8.235294 19.21569 14.90196 62.7451 36.47059 42.7451 24.70588 36.07843 50.19608 46.27451 37.64706 56.07843 29.41176 3.529412 14.11765 21.96078 24.70588 47.05882 20 27.84314 83.13725 24.31373 41.17647 23.13725 7.058824 15.29412 20.78431 20 16.47059 17.64706 11.76471 14.11765 18.43137 11.76471 40 29.01961 42.7451 31.37255 14.90196 8.235294 12.54902 8.235294
