urbanization-model/data/slope_accra.asc
ncols         886
nrows         536
xllcorner     730915.48888016
yllcorner     577744.79015281
cellsize      200
NODATA_value  -9999
[rows 165 to 197 of 536, columns 444 to 517 of 886]
14.11765 56.47059 46.66667 36.86274 19.21569 36.47059 21.96078 9.411765 9.019608 5.098039 11.76471 8.627451 27.05882 30.58824 8.235294 7.058824 27.05882 13.33333 19.21569 19.21569 14.5098 16.07843 11.76471 18.43137 11.76471 22.35294 23.52941 26.66667 14.90196 20.39216 12.94118 14.90196 8.627451 11.37255 11.37255 20 16.47059 29.41176 14.11765 31.37255 5.098039 29.01961 21.96078 5.098039 20.39216 17.64706 8.235294 53.72549 13.33333 12.54902 17.2549 4.705883 4.705883 26.66667 21.96078 9.411765 20.78431 6.666667 10.19608 8.235294 16.07843 28.23529 7.058824 9.803922 7.058824 26.27451 41.96078 27.05882 37.2549 17.64706 23.13725 3.137255 26.66667 14.90196
71.76471 5.882353 23.13725 18.43137 12.54902 18.03922 23.13725 12.54902 18.03922 20 21.56863 4.313725 11.37255 29.41176 20.78431 11.37255 20 6.666667 20.78431 49.80392 23.13725 14.90196 11.76471 33.33333 28.62745 30.98039 8.627451 13.33333 23.52941 4.705883 11.37255 4.313725 18.43137 20.78431 25.4902 14.11765 22.7451 8.627451 6.666667 23.13725 5.098039 42.35294 36.07843 16.86275 8.627451 25.09804 27.05882 19.60784 5.882353 15.29412 20 26.66667 26.66667 27.45098 3.529412 28.23529 27.05882 14.90196 6.666667 6.666667 25.09804 27.05882 5.882353 34.90196 25.09804 27.45098 21.56863 16.47059 21.56863 8.235294 34.5098 5.882353 18.43137 25.09804
34.5098 21.96078 13.72549 11.76471 10.98039 9.803922 3.529412 18.43137 5.882353 18.03922 8.235294 12.54902 38.03922 8.235294 13.72549 21.56863 5.098039 14.11765 21.96078 30.19608 22.7451 19.21569 20 17.64706 8.235294 20.39216 17.2549 14.90196 18.82353 25.09804 13.33333 18.03922 14.90196 18.43137 38.03922 24.70588 13.33333 9.803922 11.37255 27.84314 29.01961 17.2549 11.76471 10.19608 50.19608 14.90196 6.666667 8.235294 16.47059 13.33333 9.411765 10.98039 9.803922 6.27451 18.82353 13.72549 11.37255 14.11765 8.235294 9.019608 3.529412 10.58823 14.90196 18.43137 15.68627 5.098039 1.960784 21.96078 20 13.33333 38.43137 4.313725 32.94118 34.90196
7.058824 33.33333 5.882353 9.411765 16.07843 10.58823 6.666667 17.64706 16.07843 22.7451 17.64706 27.84314 12.54902 18.43137 5.098039 18.82353 10.98039 10.98039 3.529412 9.019608 17.64706 12.94118 5.098039 14.5098 14.5098 21.96078 21.17647 10.19608 38.03922 6.666667 28.62745 19.21569 4.313725 1.568627 29.01961 10.19608 24.31373 19.60784 16.47059 25.4902 26.66667 40.78431 26.66667 13.72549 22.35294 16.07843 5.098039 15.68627 20 10.98039 9.803922 14.90196 13.33333 14.11765 23.13725 21.17647 26.66667 19.21569 9.803922 11.37255 14.11765 10.19608 9.411765 43.13726 24.31373 5.098039 7.058824 22.7451 5.098039 14.5098 19.21569 15.68627 22.7451 24.31373
17.64706 21.96078 9.803922 30.58824 29.41176 23.92157 33.33333 63.92157 28.23529 31.76471 24.70588 11.76471 8.235294 20 35.29412 9.411765 13.33333 16.07843 15.29412 4.705883 14.11765 8.627451 17.64706 12.54902 7.058824 14.11765 17.2549 24.31373 24.31373 6.666667 11.76471 21.56863 20 10.58823 16.07843 21.17647 4.313725 12.54902 29.80392 19.21569 20 51.37255 8.627451 20 6.27451 20 10.98039 16.07843 47.84314 14.90196 11.76471 32.54902 19.21569 16.47059 14.5098 10.58823 7.058824 13.33333 29.41176 18.82353 14.5098 1.568627 16.86275 3.529412 48.23529 16.47059 14.90196 5.098039 14.11765 13.72549 32.54902 23.52941 10.98039 9.019608
23.52941 20 20 11.37255 11.37255 16.47059 27.84314 24.70588 41.56863 5.882353 28.23529 25.88235 40.39216 9.411765 31.76471 12.94118 15.68627 16.07843 9.803922 11.76471 21.56863 9.803922 31.76471 34.11765 12.54902 31.76471 1.960784 5.882353 27.84314 6.27451 16.47059 16.47059 6.666667 20 36.86274 9.019608 14.90196 9.019608 19.60784 10.98039 14.90196 16.47059 25.88235 11.37255 14.11765 21.56863 6.27451 21.56863 34.5098 16.07843 20 26.66667 6.666667 5.098039 8.627451 14.5098 9.803922 14.90196 24.31373 19.21569 25.88235 19.60784 21.56863 27.84314 18.82353 13.33333 16.47059 3.529412 20 16.07843 23.13725 24.70588 14.5098 1.960784
47.45098 18.43137 27.05882 9.411765 18.82353 30.19608 19.60784 36.07843 11.37255 29.01961 18.43137 14.90196 19.21569 21.17647 21.17647 19.21569 3.529412 6.27451 29.80392 11.37255 34.5098 5.882353 8.235294 8.235294 9.803922 14.5098 5.098039 3.529412 6.666667 14.5098 19.60784 28.62745 4.705883 3.137255 26.66667 3.137255 23.92157 20 14.11765 30.19608 1.568627 16.47059 8.235294 18.43137 16.07843 21.17647 11.37255 9.411765 8.627451 14.90196 16.86275 30.58824 48.23529 16.07843 22.35294 22.35294 20 10.98039 19.21569 16.86275 13.33333 14.11765 7.058824 8.235294 14.90196 3.529412 20.39216 13.33333 11.76471 5.882353 6.27451 20.78431 8.235294 10.58823
16.07843 11.76471 6.666667 6.666667 12.94118 8.235294 24.31373 34.90196 26.66667 5.882353 8.627451 11.37255 14.90196 14.5098 3.529412 20.78431 13.33333 21.96078 9.803922 17.2549 5.882353 7.058824 34.90196 11.76471 7.058824 18.43137 9.411765 22.7451 6.27451 11.76471 10.58823 26.27451 41.56863 10.19608 18.43137 25.88235 7.058824 31.37255 6.666667 5.882353 26.66667 3.529412 0 19.21569 16.47059 26.66667 1.960784 9.019608 5.098039 17.2549 19.21569 8.627451 14.11765 11.76471 23.13725 15.29412 30.19608 5.882353 12.54902 21.96078 11.76471 38.43137 19.60784 26.66667 17.2549 17.2549 30.19608 11.76471 18.03922 30.58824 12.54902 43.13726 32.94118 3.529412
25.4902 30.98039 17.64706 12.54902 5.098039 14.90196 14.11765 11.37255 1.568627 34.90196 23.52941 13.33333 8.627451 18.43137 8.235294 20.39216 10.98039 12.54902 1.960784 15.29412 8.235294 15.29412 27.84314 11.37255 41.17647 15.29412 8.235294 5.882353 13.33333 27.84314 26.27451 8.627451 16.47059 8.235294 17.2549 28.62745 20 16.07843 11.76471 21.17647 16.47059 11.76471 12.54902 26.27451 23.52941 5.882353 3.137255 26.66667 12.54902 16.47059 27.05882 7.058824 10.58823 8.235294 11.37255 14.5098 17.64706 25.4902 13.33333 3.529412 5.882353 29.01961 31.37255 5.882353 15.68627 42.35294 14.90196 23.13725 1.960784 21.56863 30.98039 9.411765 13.33333 12.94118
32.94118 49.01961 14.90196 13.33333 11.37255 5.882353 5.882353 11.37255 11.37255 29.01961 39.60784 16.47059 22.35294 5.098039 3.137255 5.098039 7.058824 23.92157 16.86275 3.529412 25.09804 18.43137 10.98039 16.86275 17.2549 31.76471 1.960784 8.235294 13.33333 5.098039 14.11765 13.33333 16.86275 6.666667 23.13725 17.2549 9.803922 21.56863 17.2549 16.86275 8.235294 16.47059 8.235294 16.86275 9.019608 6.666667 10.58823 23.13725 13.33333 19.21569 11.37255 9.411765 12.54902 3.137255 20 22.35294 3.137255 10.58823 29.01961 13.33333 16.47059 6.666667 8.235294 14.90196 36.47059 16.86275 21.17647 11.37255 4.705883 23.52941 15.29412 11.37255 18.03922 21.17647
32.94118 21.96078 6.666667 10.19608 6.666667 29.41176 0 16.07843 10.98039 14.11765 19.60784 46.27451 12.54902 14.11765 20 17.2549 17.2549 18.82353 14.90196 14.11765 12.54902 13.72549 29.01961 8.235294 26.66667 8.235294 21.96078 6.666667 21.56863 19.21569 1.960784 1.960784 6.666667 5.098039 11.76471 33.33333 5.098039 21.96078 42.7451 28.23529 16.47059 15.29412 8.627451 9.803922 18.43137 17.2549 14.90196 9.411765 23.92157 24.31373 11.37255 11.37255 8.235294 5.098039 23.52941 8.627451 23.92157 11.76471 5.098039 32.94118 3.137255 8.235294 14.11765 14.90196 9.803922 23.52941 9.803922 13.33333 16.86275 10.58823 13.33333 13.33333 10.98039 19.21569
40.39216 7.058824 14.11765 8.235294 20 5.882353 16.86275 16.86275 24.31373 16.86275 3.529412 13.33333 21.96078 13.33333 9.803922 8.235294 3.529412 8.235294 31.76471 21.17647 8.235294 44.70588 20.39216 31.76471 26.66667 11.37255 3.529412 36.07843 17.2549 10.98039 10.98039 8.627451 5.098039 31.37255 29.80392 24.31373 9.019608 11.37255 12.54902 14.5098 23.52941 30.19608 21.56863 5.882353 23.13725 8.235294 9.803922 1.568627 9.803922 3.137255 10.58823 26.66667 5.098039 10.98039 9.411765 14.90196 18.43137 49.01961 25.88235 11.76471 24.31373 13.33333 20.39216 20.39216 17.2549 9.411765 28.23529 18.43137 21.17647 22.7451 5.098039 15.29412 9.411765 26.66667
18.43137 14.5098 18.43137 11.76471 14.90196 9.803922 26.66667 5.098039 14.90196 18.03922 31.37255 12.54902 23.52941 12.54902 6.27451 14.90196 8.235294 48.62745 21.56863 12.54902 5.098039 12.54902 9.411765 17.2549 5.098039 10.98039 17.64706 58.03922 17.2549 8.235294 13.33333 24.31373 15.68627 14.5098 13.33333 10.98039 5.882353 44.31372 13.33333 7.058824 14.11765 61.56863 26.66667 14.5098 13.33333 9.803922 29.80392 17.64706 14.90196 5.098039 10.98039 1.568627 13.33333 27.84314 21.56863 17.2549 8.235294 8.235294 11.76471 19.60784 25.88235 21.56863 18.82353 20 6.666667 13.33333 15.29412 21.17647 8.235294 29.41176 3.137255 6.666667 49.01961 31.76471
32.94118 14.5098 28.62745 8.235294 12.54902 3.137255 5.882353 10.19608 11.37255 3.529412 5.098039 23.92157 4.705883 37.64706 10.58823 5.882353 18.03922 8.235294 6.27451 1.568627 33.33333 21.96078 13.33333 8.235294 6.666667 11.37255 13.33333 8.627451 11.76471 3.529412 18.03922 8.235294 18.82353 21.96078 6.666667 11.37255 12.94118 32.54902 34.11765 16.86275 33.33333 29.80392 1.960784 8.235294 6.666667 24.31373 27.45098 14.90196 11.37255 21.96078 16.07843 10.19608 14.11765 26.66667 17.64706 26.66667 23.52941 9.411765 18.03922 21.96078 13.33333 17.2549 11.76471 45.4902 16.47059 24.31373 43.52941 8.627451 41.17647 16.47059 13.33333 21.56863 9.411765 3.137255
17.64706 23.13725 14.90196 17.2549 0 8.627451 18.82353 24.70588 8.235294 7.058824 9.803922 15.68627 10.98039 35.29412 10.58823 34.11765 6.666667 36.07843 52.54902 29.80392 26.66667 17.64706 11.37255 18.82353 21.17647 14.11765 3.529412 3.137255 24.31373 15.68627 15.29412 16.07843 5.098039 9.019608 9.803922 26.66667 14.90196 18.43137 12.54902 13.33333 18.43137 5.098039 13.33333 9.803922 8.235294 19.21569 43.52941 17.2549 10.98039 4.313725 25.88235 8.235294 20 20 9.411765 9.411765 18.03922 5.882353 22.7451 17.2549 17.2549 9.411765 16.86275 14.90196 12.54902 12.54902 34.11765 21.56863 22.7451 17.2549 19.60784 8.627451 19.21569 14.90196
6.666667 25.4902 26.66667 11.76471 34.90196 12.54902 44.31372 18.43137 31.37255 16.86275 16.07843 10.98039 27.84314 27.05882 4.313725 19.60784 18.43137 29.01961 14.5098 8.235294 1.568627 6.666667 6.666667 34.5098 23.52941 19.60784 27.84314 16.07843 1.568627 13.33333 40.39216 16.07843 17.64706 8.235294 25.88235 17.2549 25.88235 23.13725 21.56863 3.137255 24.70588 11.76471 34.90196 26.27451 13.33333 14.11765 22.35294 5.882353 5.098039 32.94118 11.37255 31.76471 4.705883 11.76471 30.58824 16.86275 23.52941 11.37255 14.90196 18.43137 8.235294 21.96078 8.627451 34.11765 7.058824 19.60784 26.66667 14.11765 11.37255 16.47059 17.64706 13.33333 9.803922 21.96078
11.76471 13.72549 16.47059 5.098039 6.666667 21.96078 36.07843 11.37255 11.37255 18.82353 22.35294 10.19608 14.11765 6.666667 11.76471 28.62745 17.64706 16.07843 13.72549 8.627451 17.2549 29.01961 13.33333 9.803922 6.666667 60.39216 15.68627 29.80392 6.666667 5.098039 9.411765 16.86275 13.33333 14.11765 14.11765 4.313725 5.098039 13.33333 29.80392 16.86275 25.88235 14.5098 11.37255 9.019608 9.803922 12.54902 10.58823 10.19608 36.47059 14.11765 10.98039 20 15.68627 10.19608 7.058824 37.64706 45.4902 6.666667 8.235294 5.882353 3.137255 24.70588 9.803922 26.27451 10.98039 14.90196 8.235294 13.33333 16.86275 28.23529 11.37255 11.76471 1.568627 13.33333
27.84314 5.882353 12.54902 16.86275 9.803922 34.5098 25.88235 1.960784 3.529412 4.313725 6.27451 1.568627 18.82353 13.33333 11.76471 32.15686 12.94118 9.803922 11.37255 31.76471 31.76471 12.54902 9.803922 14.5098 15.68627 10.98039 16.86275 43.52941 13.33333 11.76471 11.76471 16.47059 3.529412 19.60784 14.5098 14.90196 8.235294 4.705883 25.88235 8.627451 10.98039 20.39216 3.529412 27.05882 18.82353 34.5098 23.13725 26.66667 24.70588 25.09804 30.19608 24.31373 6.666667 5.098039 13.33333 27.84314 12.54902 43.52941 17.64706 9.411765 18.82353 6.666667 33.72549 41.17647 27.05882 14.90196 9.803922 23.52941 21.56863 5.882353 8.627451 1.960784 17.2549 25.4902
8.235294 20.78431 16.86275 10.98039 21.56863 20 30.19608 31.37255 7.058824 6.666667 10.98039 22.35294 14.90196 21.17647 21.56863 3.529412 27.84314 16.86275 17.2549 23.52941 18.43137 13.33333 17.64706 14.5098 11.76471 21.56863 30.19608 22.35294 38.03922 6.666667 6.666667 10.98039 6.666667 14.90196 40.39216 11.76471 12.54902 26.66667 16.47059 21.17647 5.882353 9.411765 6.27451 9.411765 13.33333 13.33333 10.19608 20.39216 21.17647 11.37255 13.33333 8.235294 12.54902 42.35294 36.86274 19.60784 30.19608 43.13726 21.17647 20 14.90196 9.019608 21.56863 12.54902 29.80392 19.60784 39.60784 8.627451 49.80392 12.54902 21.17647 8.627451 16.47059 58.03922
40 13.72549 6.666667 8.627451 16.86275 8.627451 17.64706 10.19608 16.47059 17.2549 33.33333 16.86275 8.235294 14.5098 28.62745 12.54902 1.960784 11.37255 26.66667 4.313725 17.64706 12.54902 6.27451 11.76471 14.90196 34.90196 16.07843 19.60784 37.2549 5.098039 16.07843 5.882353 24.31373 28.23529 11.37255 5.098039 15.29412 12.54902 8.627451 4.705883 8.627451 24.31373 13.33333 13.33333 10.58823 19.21569 26.66667 24.31373 1.960784 20.39216 26.66667 12.54902 30.58824 25.09804 50.98039 41.17647 21.56863 9.411765 50.98039 14.11765 5.882353 5.098039 44.31372 8.627451 14.5098 20.39216 35.29412 30.58824 18.03922 41.17647 27.84314 58.03922 100 100
31.37255 13.33333 1.960784 4.705883 12.54902 14.11765 8.235294 23.13725 13.33333 19.21569 3.529412 13.33333 1.568627 21.96078 1.568627 12.94118 18.82353 35.68628 34.90196 11.37255 30.19608 11.37255 20 14.11765 15.29412 9.411765 10.19608 20 3.529412 31.37255 32.54902 6.666667 12.94118 19.21569 21.96078 10.58823 9.019608 28.62745 11.37255 25.09804 11.37255 13.33333 17.64706 14.11765 12.54902 27.84314 26.27451 60.78431 21.56863 22.7451 17.64706 5.882353 14.90196 17.2549 14.11765 12.54902 3.137255 17.64706 34.5098 11.76471 35.29412 3.137255 30.58824 5.882353 12.54902 29.01961 21.96078 16.47059 27.84314 17.2549 8.627451 18.43137 70.98039 25.88235
18.03922 4.313725 27.05882 17.2549 25.4902 7.058824 30.98039 18.82353 11.76471 11.76471 24.70588 18.82353 8.235294 22.35294 5.882353 23.13725 11.76471 3.529412 18.43137 20 40 13.33333 9.019608 5.882353 16.07843 28.23529 21.56863 17.2549 8.235294 50.98039 38.43137 27.45098 21.96078 14.90196 26.66667 11.37255 20.78431 17.64706 6.666667 6.666667 14.90196 25.4902 26.27451 27.84314 21.17647 13.33333 11.37255 3.137255 3.529412 18.82353 9.411765 19.60784 11.76471 13.33333 11.37255 10.19608 14.11765 37.64706 34.90196 3.529412 31.76471 18.82353 24.70588 58.82353 21.96078 16.07843 6.27451 6.666667 8.627451 53.33333 23.52941 30.98039 100 22.35294
20.78431 4.313725 9.803922 29.80392 13.33333 14.11765 20.78431 8.235294 14.90196 19.60784 21.17647 32.15686 6.666667 27.05882 16.07843 13.72549 3.529412 6.666667 5.882353 13.72549 23.52941 12.54902 18.43137 13.33333 14.90196 16.07843 25.4902 6.666667 48.62745 18.43137 15.29412 19.60784 21.56863 11.76471 17.64706 5.882353 22.7451 10.58823 9.411765 15.29412 16.86275 20 8.235294 14.90196 27.05882 24.31373 12.54902 5.098039 19.60784 11.76471 10.58823 11.76471 21.96078 34.90196 20.39216 10.58823 34.5098 34.11765 27.45098 29.80392 32.15686 20.39216 13.33333 26.66667 67.05882 6.27451 16.07843 13.33333 30.19608 61.17647 49.41177 22.35294 36.07843 12.54902
10.58823 3.529412 17.2549 26.66667 19.21569 7.058824 19.60784 3.529412 43.92157 30.19608 12.54902 32.94118 5.098039 20 8.627451 9.019608 13.33333 12.54902 41.56863 6.27451 25.09804 16.47059 16.47059 24.70588 16.47059 28.23529 20.39216 21.56863 7.058824 7.058824 12.54902 29.41176 23.52941 4.313725 42.35294 14.11765 23.13725 24.70588 28.23529 21.96078 37.64706 38.43137 17.2549 10.98039 24.70588 26.66667 24.70588 3.529412 11.37255 18.82353 18.43137 39.60784 6.27451 14.90196 8.627451 12.94118 11.37255 20 23.13725 14.90196 19.21569 9.803922 30.19608 31.37255 6.27451 78.43137 11.76471 8.235294 47.84314 40 39.60784 73.72549 54.5098 70.98039
16.47059 4.705883 5.882353 21.96078 13.33333 20.39216 28.23529 11.37255 11.37255 9.803922 20 13.33333 6.666667 30.19608 31.76471 35.29412 30.19608 29.80392 18.82353 30.19608 28.62745 18.43137 5.098039 6.666667 5.882353 11.37255 9.411765 18.43137 13.33333 10.58823 10.58823 1.960784 28.23529 26.27451 9.803922 26.66667 9.019608 8.235294 13.33333 20 22.7451 4.705883 19.60784 40.78431 17.64706 4.705883 10.98039 16.86275 32.54902 34.5098 21.17647 10.98039 38.43137 35.29412 21.96078 7.058824 5.882353 25.4902 19.60784 5.098039 8.235294 14.11765 26.27451 23.13725 5.882353 23.92157 23.13725 60.39216 50.98039 27.84314 32.15686 30.19608 54.90196 45.09804
14.90196 8.235294 11.76471 8.235294 10.58823 11.76471 7.058824 10.58823 9.803922 19.60784 16.47059 24.31373 9.803922 23.52941 50.19608 21.96078 9.803922 11.76471 4.313725 33.33333 30.98039 42.7451 41.17647 14.11765 14.11765 16.07843 13.33333 5.882353 5.098039 5.098039 50.98039 14.5098 23.52941 22.7451 14.90196 3.529412 27.05882 3.529412 9.803922 21.17647 7.058824 30.58824 24.70588 21.96078 37.64706 10.98039 8.235294 16.47059 10.19608 19.60784 26.27451 4.313725 24.70588 31.37255 27.05882 26.66667 17.64706 10.58823 19.60784 32.54902 7.058824 34.90196 12.54902 29.80392 15.29412 16.07843 12.54902 61.17647 85.09804 20 21.56863 22.7451 6.27451 28.23529
18.82353 34.5098 21.56863 6.666667 34.11765 8.627451 6.666667 22.35294 8.235294 5.882353 14.90196 32.94118 12.54902 4.705883 16.86275 20 15.68627 25.09804 15.68627 8.235294 33.72549 80.78432 28.62745 9.803922 10.58823 5.098039 23.52941 14.11765 8.627451 4.313725 19.21569 12.54902 14.11765 19.60784 31.37255 8.235294 27.05882 8.235294 16.86275 16.47059 15.29412 14.5098 14.5098 20 13.72549 5.098039 15.68627 10.19608 33.33333 9.803922 32.54902 19.21569 7.058824 22.35294 27.05882 10.19608 17.64706 23.52941 27.84314 10.58823 56.47059 39.60784 24.70588 12.54902 14.5098 20.39216 20.78431 26.66667 100 63.92157 5.882353 17.64706 28.23529 23.52941
16.07843 8.235294 29.01961 51.76471 8.627451 50.19608 31.37255 17.2549 18.82353 12.54902 37.2549 21.56863 25.4902 46.27451 27.84314 8.235294 29.41176 33.33333 21.96078 16.86275 34.11765 69.80392 14.11765 6.666667 12.54902 31.37255 9.803922 11.37255 11.37255 6.666667 20 4.705883 35.29412 11.37255 5.882353 3.529412 22.7451 11.76471 1.960784 18.03922 3.529412 12.54902 11.76471 18.43137 3.529412 5.098039 34.11765 23.13725 11.37255 6.27451 15.68627 10.98039 27.84314 13.33333 30.19608 29.41176 18.43137 30.19608 12.94118 18.43137 19.21569 17.2549 20.78431 22.7451 17.64706 14.90196 27.84314 36.86274 10.19608 9.803922 6.666667 30.19608 33.72549 19.21569
23.52941 16.07843 16.47059 33.33333 20.78431 29.01961 12.54902 3.137255 36.86274 30.19608 16.47059 14.11765 11.76471 12.54902 22.35294 38.03922 45.88235 21.17647 3.137255 14.11765 20.78431 41.17647 15.29412 19.60784 26.66667 14.11765 21.56863 6.27451 1.960784 5.882353 17.64706 13.33333 4.313725 8.235294 11.37255 11.37255 11.76471 20 19.21569 1.568627 27.05882 21.96078 16.47059 29.01961 6.27451 38.43137 26.66667 15.29412 25.88235 11.76471 6.666667 15.29412 28.23529 21.96078 40.78431 4.705883 8.627451 11.76471 14.90196 11.37255 8.235294 44.70588 16.07843 41.56863 10.98039 24.70588 20 13.33333 17.64706 11.76471 56.86274 35.68628 1.568627 19.60784
16.47059 3.137255 9.803922 27.45098 11.37255 24.70588 18.43137 19.21569 14.11765 18.43137 31.37255 15.68627 67.05882 27.05882 21.17647 51.37255 16.07843 22.7451 74.5098 41.17647 14.11765 34.5098 14.11765 19.60784 9.411765 20.78431 25.4902 21.96078 24.31373 41.17647 16.47059 14.90196 5.882353 12.54902 37.64706 5.882353 14.5098 32.94118 17.2549 14.5098 29.01961 26.66667 13.33333 18.03922 25.09804 3.529412 9.411765 22.7451 34.11765 16.07843 10.98039 29.41176 33.33333 20.78431 5.882353 5.098039 21.96078 30.98039 37.64706 27.05882 11.37255 31.76471 34.11765 5.882353 21.56863 6.666667 3.529412 4.705883 11.76471 56.07843 43.13726 33.33333 28.23529 40.39216
9.019608 14.90196 17.2549 43.52941 16.07843 43.52941 14.11765 11.37255 1.960784 19.60784 17.2549 27.84314 29.41176 31.76471 32.54902 23.52941 9.411765 17.2549 16.07843 5.882353 1.568627 10.19608 9.411765 18.82353 7.058824 42.35294 22.35294 23.52941 61.17647 11.37255 5.098039 20.39216 10.98039 16.07843 17.2549 11.37255 33.72549 5.098039 40 8.235294 16.07843 39.21569 19.60784 1.960784 29.41176 10.58823 21.56863 12.54902 15.68627 6.666667 14.5098 42.35294 14.11765 32.94118 18.82353 9.803922 19.21569 21.96078 14.11765 36.47059 24.70588 5.882353 5.882353 8.235294 11.37255 15.68627 36.07843 19.21569 3.529412 35.29412 52.15686 30.19608 77.25491 19.21569
8.235294 17.64706 5.098039 9.803922 25.09804 17.64706 18.82353 20 14.11765 12.54902 34.11765 1.960784 38.43137 10.19608 10.58823 25.4902 23.13725 16.47059 10.19608 24.70588 8.235294 6.666667 3.137255 14.5098 5.882353 9.803922 8.235294 7.058824 14.90196 12.94118 23.92157 7.058824 21.96078 14.5098 40.78431 14.11765 14.5098 9.803922 15.29412 10.58823 52.15686 23.13725 36.07843 21.96078 9.803922 23.52941 16.86275 8.235294 17.2549 12.94118 8.235294 21.56863 20.78431 8.627451 11.37255 10.98039 1.960784 3.529412 16.47059 1.568627 11.76471 28.62745 40.78431 8.235294 39.60784 18.82353 25.09804 4.705883 4.313725 35.68628 27.05882 9.411765 20.78431 40.39216
34.11765 39.60784 29.80392 22.35294 32.54902 20.39216 24.70588 27.84314 16.07843 25.88235 5.098039 41.17647 21.17647 11.37255 27.84314 37.64706 26.27451 8.235294 8.235294 53.72549 46.66667 19.60784 1.568627 4.705883 9.411765 5.098039 9.803922 29.41176 8.235294 11.37255 38.43137 12.54902 13.33333 8.235294 31.76471 6.666667 21.17647 15.29412 8.627451 17.2549 20.78431 14.5098 6.27451 21.56863 49.01961 47.84314 28.62745 12.94118 3.137255 13.72549 11.37255 8.627451 12.54902 23.52941 11.37255 25.09804 27.05882 5.882353 13.72549 19.60784 50.98039 40 21.17647 14.90196 8.235294 8.627451 45.09804 41.17647 6.27451 8.235294 17.64706 63.13726 28.62745 10.58823
