urbanization-model/data/slope_accra.asc
ncols         886
nrows         536
xllcorner     730915.48888016
yllcorner     577744.79015281
cellsize      200
NODATA_value  -9999
[rows 33 to 65 of 536, columns 148 to 221 of 886]
16.47059 92.54902 100 100 55.68628 69.01961 70.19608 68.23529 75.29412 85.88235 17.2549 69.80392 37.64706 40 100 100 99.60784 49.80392 25.09804 92.94118 50.19608 56.86274 21.56863 100 100 31.76471 61.56863 100 85.4902 74.5098 42.35294 71.76471 34.5098 48.23529 24.70588 91.76471 100 43.52941 38.82353 50.19608 62.35294 25.09804 92.94118 29.41176 60 61.17647 67.05882 98.82353 96.07843 59.60784 66.66666 84.31373 100 17.2549 100 13.33333 100 59.60784 74.5098 67.45098 43.52941 89.01961 100 100 100 89.41177 100 100 32.94118 100 52.94118 100 67.84314 61.56863
8.235294 100 54.5098 100 53.72549 52.15686 67.84314 32.94118 94.90196 59.21569 41.96078 67.05882 72.15686 32.15686 79.60784 36.47059 69.01961 100 100 45.4902 43.13726 19.21569 97.64706 68.23529 82.74509 100 100 40.39216 26.66667 42.7451 68.62745 42.7451 92.54902 21.17647 100 29.41176 30.19608 25.09804 63.13726 27.45098 45.09804 34.90196 31.37255 81.17647 29.80392 80.78432 37.64706 100 100 88.62745 100 36.86274 100 81.17647 96.07843 75.68627 100 54.90196 78.82353 100 26.66667 69.01961 100 40.39216 31.37255 94.11765 21.17647 38.43137 100 47.84314 100 100 78.82353 90.19608
100 94.11765 60 100 100 100 100 100 85.09804 30.98039 100 78.43137 60 87.84314 70.58823 58.03922 100 100 100 75.29412 20.78431 17.64706 58.43137 18.82353 87.84314 100 25.4902 43.13726 100 76.07843 100 78.43137 40 46.66667 73.72549 6.666667 21.56863 16.07843 34.11765 29.80392 44.31372 26.66667 72.94118 19.60784 34.11765 18.82353 82.35294 44.70588 83.13725 100 5.882353 100 100 100 92.15686 100 96.07843 100 100 100 100 100 95.68627 56.47059 45.88235 100 96.86275 53.33333 100 100 100 100 100 100
54.5098 76.47059 25.88235 100 100 27.84314 100 100 100 100 100 16.47059 84.70588 30.58824 32.54902 92.94118 96.07843 76.07843 100 100 100 100 100 100 21.17647 98.82353 94.5098 23.13725 100 88.62745 100 57.2549 40 99.60784 61.96078 38.43137 37.64706 67.84314 25.09804 9.019608 31.76471 54.11765 68.62745 65.09804 41.96078 76.07843 70.98039 68.23529 26.66667 100 100 63.52941 100 92.94118 100 100 100 29.80392 100 47.05882 70.19608 70.98039 100 79.60784 100 100 100 78.43137 83.52941 65.88235 92.94118 100 100 77.64706
100 100 90.19608 74.90196 23.52941 84.31373 100 100 100 87.45098 43.13726 87.05882 100 87.84314 100 72.94118 82.74509 100 82.74509 14.5098 76.86275 100 100 100 41.96078 100 87.05882 100 47.05882 100 100 100 65.4902 3.137255 25.88235 48.23529 40.78431 100 100 33.72549 74.90196 91.76471 49.01961 35.29412 38.82353 97.25491 89.80392 100 59.21569 68.62745 50.19608 100 74.90196 14.11765 100 100 100 100 57.2549 4.313725 100 63.13726 70.19608 100 76.86275 100 74.5098 98.03922 71.76471 94.5098 53.72549 83.13725 35.29412 26.66667
100 96.07843 69.01961 78.82353 19.60784 100 100 100 100 81.56863 21.56863 100 36.86274 90.19608 95.68627 20 61.17647 16.86275 12.54902 100 100 40.78431 92.94118 100 76.07843 31.76471 100 26.66667 50.19608 100 30.58824 100 38.43137 53.72549 38.82353 20.39216 10.98039 64.31373 100 61.17647 46.27451 100 100 85.09804 42.7451 36.07843 49.41177 100 100 55.29412 100 100 80 100 100 43.13726 91.37255 29.01961 54.11765 100 65.09804 100 74.11765 62.35294 100 100 49.41177 59.60784 29.80392 48.62745 42.35294 100 78.82353 60
100 42.7451 100 93.33334 100 31.37255 67.84314 21.17647 24.31373 69.80392 36.07843 52.54902 60.78431 47.84314 58.82353 53.33333 28.62745 35.29412 18.82353 81.17647 86.27451 50.98039 84.31373 100 81.17647 17.2549 100 87.05882 100 61.17647 100 53.33333 36.86274 63.52941 100 100 100 65.4902 100 63.13726 100 62.7451 52.94118 76.07843 67.05882 89.41177 72.54902 41.96078 100 95.29412 100 87.84314 100 100 81.17647 85.09804 90.98039 31.37255 94.11765 61.96078 46.27451 100 100 100 41.96078 76.47059 90.19608 52.54902 23.52941 26.27451 23.92157 90.58823 33.33333 76.47059
100 100 41.17647 29.01961 67.45098 94.11765 52.54902 59.21569 44.70588 50.19608 69.41177 74.11765 100 42.35294 18.03922 70.19608 39.21569 95.29412 61.96078 100 44.31372 100 27.45098 100 54.90196 19.21569 68.62745 20.39216 62.7451 49.41177 72.54902 8.235294 100 100 71.37255 74.11765 80.78432 16.86275 52.54902 100 43.13726 100 30.58824 96.07843 100 29.41176 70.19608 100 58.82353 65.88235 100 100 100 100 22.7451 54.90196 79.21568 55.29412 64.70588 52.94118 83.52941 100 100 66.66666 56.07843 19.60784 41.17647 14.90196 30.58824 64.31373 100 52.94118 100 17.64706
100 100 4.313725 100 17.2549 83.52941 65.4902 12.54902 60 94.11765 51.37255 23.13725 59.60784 16.86275 17.64706 84.31373 72.94118 57.2549 100 7.058824 46.27451 45.4902 71.76471 100 50.58823 100 54.5098 82.74509 60.39216 54.90196 79.60784 100 67.05882 61.17647 32.94118 59.60784 96.86275 82.74509 13.33333 31.76471 100 67.84314 29.01961 42.35294 41.56863 66.66666 100 96.07843 100 57.2549 62.7451 100 77.25491 100 70.58823 74.11765 100 9.803922 24.31373 72.54902 82.35294 86.27451 98.03922 49.41177 54.5098 63.13726 47.05882 84.31373 58.43137 48.23529 83.13725 43.92157 45.09804 17.2549
100 37.64706 67.84314 76.07843 56.07843 45.09804 18.43137 54.5098 100 89.41177 96.07843 92.94118 44.70588 62.7451 76.47059 64.31373 42.35294 65.88235 33.33333 52.94118 92.94118 51.37255 100 100 96.47059 16.47059 91.76471 75.29412 45.88235 73.33334 100 72.94118 100 100 34.90196 25.09804 29.80392 38.43137 100 100 87.05882 88.62745 100 55.29412 38.03922 38.43137 43.13726 85.88235 69.80392 46.66667 68.23529 24.70588 85.4902 100 100 31.37255 56.86274 61.96078 50.98039 47.45098 50.19608 76.47059 94.11765 87.45098 21.56863 100 97.25491 42.7451 76.07843 21.17647 56.86274 33.72549 55.68628 32.94118
100 65.88235 3.529412 33.33333 20 29.01961 35.29412 69.80392 29.80392 100 100 27.84314 51.37255 52.94118 49.41177 37.2549 78.82353 100 89.01961 19.21569 83.13725 36.47059 100 24.70588 67.45098 43.13726 100 28.23529 70.98039 31.76471 49.80392 56.86274 78.43137 85.09804 100 29.80392 100 34.90196 52.54902 54.5098 45.88235 47.05882 39.60784 54.11765 42.35294 33.33333 52.94118 37.64706 77.64706 100 100 48.62745 100 76.86275 67.84314 37.64706 65.4902 83.52941 38.03922 50.98039 31.76471 100 74.5098 100 100 62.35294 31.37255 66.27451 59.60784 36.47059 28.62745 6.666667 23.52941 60
64.31373 100 11.76471 45.4902 61.96078 61.17647 52.54902 21.96078 47.05882 100 100 52.15686 58.43137 31.76471 29.80392 100 36.07843 100 59.60784 7.058824 27.05882 100 61.56863 100 92.15686 85.88235 45.88235 74.11765 51.37255 50.98039 36.86274 100 59.60784 100 49.41177 100 91.76471 64.31373 100 85.88235 100 52.15686 37.2549 45.4902 11.76471 100 14.90196 38.43137 11.76471 100 90.58823 78.03922 21.96078 24.70588 55.29412 36.47059 68.23529 88.62745 57.2549 100 32.54902 16.86275 100 100 69.80392 60.39216 17.2549 68.62745 24.31373 58.43137 18.82353 11.37255 45.4902 34.11765
84.31373 100 83.52941 100 80 46.66667 15.68627 32.54902 60.78431 70.58823 80.78432 46.27451 100 33.33333 59.60784 100 16.47059 56.47059 31.76471 44.31372 30.58824 89.41177 59.21569 86.66666 100 100 51.37255 35.29412 17.2549 100 100 78.03922 100 13.33333 20 47.45098 61.17647 23.92157 100 91.76471 23.52941 61.96078 72.94118 45.4902 25.88235 41.96078 45.09804 34.90196 33.72549 100 25.88235 30.19608 59.60784 86.66666 88.23529 64.31373 59.21569 100 52.54902 100 100 100 100 100 87.05882 100 38.03922 73.72549 26.27451 33.72549 14.11765 36.86274 17.64706 21.56863
47.84314 100 100 100 70.19608 90.19608 15.29412 29.01961 57.64706 90.19608 44.31372 70.58823 65.88235 100 33.33333 69.41177 27.84314 85.09804 48.23529 58.43137 26.27451 60.39216 79.60784 38.03922 18.43137 67.05882 70.98039 57.2549 100 100 100 100 38.82353 100 24.31373 64.70588 28.23529 78.03922 43.92157 75.68627 80.78432 36.07843 24.70588 39.60784 26.66667 29.80392 42.7451 26.66667 56.86274 29.01961 27.45098 23.52941 14.5098 71.37255 41.56863 71.76471 57.2549 94.5098 37.64706 98.82353 100 49.80392 90.98039 14.11765 48.62745 60.78431 14.11765 63.13726 29.01961 31.76471 29.41176 10.19608 11.76471 31.76471
78.03922 100 20 74.5098 43.13726 100 50.98039 90.19608 85.09804 97.64706 59.21569 74.5098 23.52941 28.62745 98.03922 11.37255 70.19608 12.54902 36.07843 10.58823 33.72549 100 85.88235 64.31373 56.86274 87.45098 46.27451 100 100 72.54902 40 83.13725 92.54902 100 69.41177 59.60784 100 47.84314 100 77.25491 45.88235 33.33333 22.35294 50.19608 87.84314 36.07843 34.90196 76.07843 11.76471 25.09804 36.07843 36.07843 21.56863 24.70588 50.58823 24.31373 76.07843 58.82353 63.92157 64.31373 61.56863 100 44.31372 46.66667 14.90196 28.23529 61.56863 31.37255 20.39216 62.7451 56.47059 18.03922 38.03922 12.94118
100 90.19608 100 78.82353 26.66667 28.23529 69.80392 75.29412 36.86274 36.86274 13.33333 15.29412 61.17647 63.13726 42.35294 39.60784 100 100 96.86275 98.03922 100 100 47.84314 70.98039 89.41177 70.19608 85.09804 100 91.76471 81.56863 100 100 69.01961 79.60784 87.05882 70.58823 100 100 58.43137 56.47059 88.62745 56.07843 24.70588 74.11765 90.98039 30.58824 32.15686 40 78.82353 55.68628 36.07843 47.84314 66.27451 41.56863 3.529412 61.56863 47.45098 31.37255 38.43137 17.64706 80 81.56863 54.5098 6.27451 13.72549 36.47059 65.09804 31.37255 31.37255 8.235294 34.11765 11.76471 19.60784 23.13725
25.88235 38.82353 14.11765 65.88235 28.62745 18.03922 70.19608 49.41177 63.92157 100 100 47.84314 39.21569 89.41177 17.64706 65.09804 39.21569 94.90196 43.13726 68.62745 70.58823 30.19608 39.60784 56.07843 69.41177 87.84314 82.74509 36.07843 100 100 34.5098 100 100 100 100 100 100 32.94118 77.64706 96.07843 33.33333 76.07843 32.15686 33.33333 42.7451 23.52941 32.54902 31.76471 32.94118 29.01961 73.33334 41.56863 47.05882 57.2549 88.23529 22.7451 41.96078 27.45098 55.29412 17.64706 3.529412 22.7451 14.90196 59.21569 4.313725 30.19608 61.96078 63.13726 54.90196 51.37255 21.17647 11.37255 8.235294 14.11765
79.60784 65.88235 100 20.78431 28.23529 40 32.54902 74.11765 74.5098 84.31373 100 20 46.66667 27.05882 91.76471 81.96078 51.37255 100 76.07843 79.60784 100 43.13726 19.60784 64.31373 65.88235 50.98039 100 31.76471 100 100 100 100 100 47.84314 100 68.62745 3.529412 82.74509 64.70588 69.01961 48.62745 17.2549 16.47059 41.17647 66.66666 60.78431 46.66667 45.09804 92.94118 17.64706 63.13726 14.90196 40 38.03922 10.98039 31.37255 41.17647 34.90196 45.09804 54.90196 45.88235 29.41176 26.66667 14.90196 43.13726 31.76471 24.31373 96.86275 27.05882 34.11765 46.66667 34.5098 11.76471 14.90196
100 100 1.960784 63.92157 63.52941 26.27451 100 100 74.90196 80.39216 100 100 100 66.66666 52.54902 100 100 80.78432 97.64706 47.84314 87.45098 27.05882 41.56863 64.70588 69.41177 100 100 73.72549 100 6.666667 43.13726 100 100 89.80392 100 100 58.43137 100 18.43137 100 100 89.41177 58.82353 100 89.41177 60.39216 51.37255 16.86275 26.66667 14.90196 32.54902 31.76471 26.27451 34.5098 81.17647 38.43137 50.98039 30.58824 17.2549 25.09804 26.66667 61.96078 30.19608 51.76471 69.41177 29.80392 46.27451 32.94118 9.411765 76.07843 19.21569 36.07843 25.88235 14.90196
43.13726 87.45098 79.21568 67.45098 100 100 27.84314 23.52941 40 82.74509 73.72549 26.66667 100 100 30.98039 20.39216 81.96078 47.84314 94.11765 37.64706 24.31373 59.60784 40.39216 100 77.64706 72.54902 100 86.27451 99.60784 100 98.03922 62.7451 100 9.803922 57.2549 67.84314 89.41177 77.64706 74.5098 65.88235 47.45098 83.52941 28.62745 83.92157 34.5098 25.88235 47.45098 42.35294 43.13726 15.29412 56.86274 12.54902 16.47059 40 87.05882 46.27451 31.76471 86.66666 26.66667 14.5098 16.47059 74.5098 38.03922 19.60784 89.80392 17.64706 49.01961 14.90196 11.76471 41.96078 41.17647 52.15686 28.23529 13.33333
100 100 34.90196 74.11765 37.2549 100 100 100 100 63.52941 100 100 82.74509 61.96078 100 42.7451 24.31373 34.11765 59.60784 41.96078 90.19608 40.39216 100 69.41177 100 59.60784 69.01961 79.60784 99.60784 100 21.56863 100 23.92157 100 100 100 100 100 100 27.05882 83.52941 78.43137 100 13.33333 86.66666 87.84314 27.84314 14.5098 66.27451 48.23529 39.21569 20.78431 13.33333 18.82353 29.80392 22.35294 32.94118 70.19608 38.82353 26.27451 11.76471 7.058824 44.31372 3.137255 33.72549 22.7451 27.84314 13.33333 22.7451 43.52941 24.31373 56.47059 34.11765 29.80392
100 29.80392 57.2549 70.19608 37.2549 100 65.09804 10.58823 51.37255 79.21568 100 44.70588 100 100 51.37255 24.31373 30.19608 25.88235 16.07843 59.60784 67.45098 92.15686 72.94118 56.07843 100 100 82.74509 100 83.52941 100 92.54902 32.54902 100 92.15686 16.47059 43.92157 29.41176 28.23529 65.09804 51.76471 100 73.72549 59.60784 17.2549 99.21568 37.2549 100 21.96078 63.52941 51.37255 25.88235 23.92157 41.17647 33.72549 37.2549 35.29412 52.94118 41.96078 1.960784 36.07843 76.86275 42.7451 43.52941 31.76471 30.19608 48.23529 19.21569 75.29412 43.52941 27.45098 18.82353 25.4902 11.76471 25.09804
27.05882 100 58.03922 47.84314 37.64706 100 100 38.03922 41.56863 90.98039 100 5.098039 34.90196 100 100 70.98039 100 65.4902 74.11765 51.76471 47.84314 62.35294 56.86274 80 100 91.76471 21.56863 87.05882 30.58824 90.58823 100 31.76471 45.09804 31.76471 45.09804 80.78432 100 1.568627 100 77.25491 92.94118 69.41177 100 59.21569 36.07843 69.80392 48.23529 34.90196 65.88235 24.70588 17.64706 42.7451 26.66667 10.19608 41.17647 12.54902 29.01961 52.54902 31.76471 75.29412 38.43137 5.882353 32.94118 30.58824 21.17647 6.666667 23.52941 38.43137 28.62745 3.529412 0 32.94118 20.78431 38.82353
100 83.13725 61.56863 100 35.29412 100 41.56863 100 70.58823 100 34.90196 12.54902 100 100 100 53.72549 36.47059 36.07843 67.45098 25.4902 39.21569 42.7451 70.19608 32.94118 100 100 77.64706 100 100 47.05882 57.2549 100 27.84314 86.27451 81.17647 35.68628 46.27451 90.58823 67.45098 79.60784 56.47059 65.09804 44.31372 80 21.56863 65.09804 81.56863 80.78432 80 36.07843 5.098039 74.11765 19.60784 24.31373 38.03922 53.72549 19.60784 19.60784 54.5098 42.7451 40.78431 34.90196 35.29412 38.03922 25.88235 41.17647 16.86275 27.05882 83.92157 66.66666 47.45098 38.82353 19.60784 36.86274
49.80392 100 43.13726 100 100 100 25.09804 34.11765 100 41.96078 100 100 60 94.11765 100 40 43.92157 20.39216 51.37255 61.56863 42.7451 54.5098 26.66667 57.64706 53.33333 74.11765 56.07843 100 35.68628 100 80.78432 46.27451 64.70588 60.39216 90.58823 59.60784 69.41177 10.98039 100 100 26.27451 78.03922 96.47059 78.43137 13.33333 48.62745 1.568627 3.529412 65.88235 56.86274 81.17647 100 74.90196 58.03922 47.84314 22.7451 7.058824 12.54902 43.52941 23.52941 25.4902 18.43137 49.80392 43.52941 32.94118 16.86275 47.84314 49.80392 5.098039 26.66667 33.72549 16.47059 38.03922 30.19608
32.94118 57.2549 85.09804 58.03922 53.72549 25.09804 43.13726 96.86275 100 64.70588 84.70588 30.19608 73.33334 100 60 57.64706 85.09804 16.07843 100 59.60784 82.74509 100 42.7451 41.17647 100 99.60784 88.23529 91.37255 43.52941 27.05882 96.47059 96.07843 100 23.52941 28.62745 21.96078 100 87.45098 85.09804 54.5098 81.17647 100 40 58.03922 53.72549 49.80392 100 25.88235 45.88235 76.07843 8.235294 14.90196 28.62745 32.54902 47.45098 23.13725 25.09804 46.27451 27.05882 48.62745 38.03922 31.76471 92.94118 44.31372 32.54902 14.90196 37.2549 38.03922 41.56863 16.86275 25.4902 12.54902 8.235294 32.94118
9.803922 80.39216 55.29412 44.31372 61.56863 51.76471 71.76471 74.90196 65.88235 33.33333 54.90196 3.137255 86.66666 100 48.23529 92.54902 100 100 75.29412 17.2549 76.07843 73.72549 28.23529 14.11765 100 57.64706 36.07843 23.13725 100 66.27451 34.90196 100 100 39.60784 65.09804 100 100 31.37255 89.41177 100 45.4902 29.41176 100 100 100 90.19608 50.19608 26.66667 83.92157 26.66667 41.17647 11.76471 55.29412 70.98039 45.09804 25.88235 38.43137 34.11765 79.21568 58.43137 34.5098 16.86275 14.11765 22.7451 23.13725 11.76471 49.80392 50.19608 23.52941 23.13725 45.88235 18.82353 31.76471 60.78431
100 67.84314 100 100 13.33333 9.803922 45.4902 28.23529 95.68627 100 95.68627 90.19608 100 75.29412 27.45098 35.68628 47.84314 42.7451 49.80392 100 100 52.94118 45.4902 100 35.68628 100 27.05882 59.60784 11.76471 100 100 100 76.07843 92.54902 100 72.15686 40 100 86.66666 100 100 31.37255 96.86275 100 95.29412 52.15686 50.98039 100 82.35294 43.13726 21.56863 49.01961 36.07843 53.72549 25.4902 43.13726 69.80392 37.64706 100 69.41177 36.86274 32.54902 41.96078 15.68627 20.39216 32.54902 26.27451 28.23529 1.568627 4.313725 14.90196 54.5098 25.88235 49.80392
31.76471 96.07843 54.5098 34.90196 51.76471 54.5098 92.94118 11.37255 27.84314 20.78431 100 22.7451 63.92157 100 87.84314 100 94.5098 29.01961 100 100 45.88235 90.19608 87.84314 62.35294 45.09804 100 100 100 47.05882 41.56863 100 100 65.88235 80.39216 74.5098 80 100 47.84314 39.60784 100 100 100 63.52941 63.13726 100 100 71.76471 23.52941 61.96078 92.54902 56.47059 17.2549 54.90196 13.72549 36.07843 40.39216 41.17647 69.41177 53.72549 46.66667 72.54902 59.60784 68.62745 70.98039 41.56863 56.07843 29.80392 45.09804 29.41176 52.94118 47.05882 25.4902 42.7451 54.11765
100 100 100 40 41.96078 85.4902 9.411765 41.56863 59.21569 54.11765 70.19608 52.54902 100 100 13.33333 32.54902 100 100 19.60784 44.70588 81.56863 47.05882 68.62745 56.86274 100 97.64706 100 100 28.62745 61.17647 44.31372 48.23529 65.4902 100 59.21569 25.88235 49.80392 28.23529 47.05882 86.27451 100 95.29412 100 100 100 86.27451 48.23529 28.23529 100 100 49.80392 54.11765 100 14.11765 8.627451 79.21568 81.96078 14.11765 32.54902 50.98039 45.88235 40.78431 50.98039 8.627451 42.7451 24.70588 30.19608 33.72549 52.94118 23.13725 34.5098 11.76471 24.70588 56.47059
44.31372 27.05882 44.70588 82.35294 97.64706 51.37255 100 100 84.31373 100 100 93.33334 100 100 58.43137 4.705883 100 79.21568 100 58.43137 42.7451 34.90196 62.35294 55.68628 45.88235 100 90.58823 100 100 100 72.15686 92.15686 68.62745 100 100 94.11765 100 38.43137 100 100 100 100 100 64.31373 78.82353 100 57.2549 85.09804 100 100 24.70588 67.05882 48.62745 57.64706 7.058824 10.58823 56.86274 36.86274 43.92157 34.11765 20 18.43137 5.098039 59.21569 52.94118 39.60784 47.05882 12.54902 52.94118 25.4902 45.4902 40.78431 65.09804 62.35294
59.21569 43.52941 42.7451 100 65.4902 31.76471 100 30.58824 99.21568 100 90.98039 48.23529 83.92157 72.94118 100 78.43137 100 100 35.68628 21.96078 28.23529 45.88235 38.03922 27.45098 73.72549 100 100 65.88235 75.29412 100 100 34.90196 19.60784 100 39.60784 3.137255 100 31.76471 100 100 64.31373 73.33334 51.37255 44.31372 100 100 32.54902 54.11765 51.76471 63.13726 6.666667 9.803922 10.98039 26.66667 79.21568 30.19608 86.27451 31.76471 66.66666 32.54902 11.37255 17.2549 45.4902 20.78431 21.96078 4.313725 38.43137 16.47059 35.29412 44.70588 68.62745 35.29412 30.19608 50.98039
65.88235 24.31373 65.09804 100 100 100 9.411765 45.09804 60.39216 27.05882 20 100 5.098039 26.66667 10.19608 50.19608 74.5098 100 54.11765 37.64706 16.86275 50.19608 65.4902 89.41177 100 92.54902 69.41177 70.98039 29.41176 100 72.15686 71.37255 100 100 58.43137 100 100 100 27.05882 100 65.88235 100 66.66666 100 100 98.82353 45.4902 100 88.23529 36.07843 11.37255 64.70588 20 48.23529 22.7451 71.37255 28.62745 55.29412 29.80392 33.33333 10.19608 50.98039 50.58823 70.58823 72.54902 28.23529 16.07843 53.33333 81.96078 49.41177 44.70588 74.90196 23.13725 45.4902
